vesselCount = 0
UT = 65274557.88483189
gameMode = CAREER
gameNull = False
kspVersion = 1.12.3
funds = 123698.72658963813
science = 22
reputationPercent = 30
ongoingContracts = 1
missionCurrentScore = 0
missionIsStarted = False
missionIsEnded = False
missionHistoryId = 00000000-0000-0000-0000-000000000000
missionExpansionVersion = 
saveMD5 = 
lastWriteTime = 637840515690129938
