vesselCount = 0
UT = 5141640.9888608009
gameMode = CAREER
gameNull = False
kspVersion = 1.12.3
funds = 47750.943296498568
science = 1
reputationPercent = 4
ongoingContracts = 2
missionCurrentScore = 0
missionIsStarted = False
missionIsEnded = False
missionHistoryId = 00000000-0000-0000-0000-000000000000
missionExpansionVersion = 
saveMD5 = 
lastWriteTime = 637836193925467840
