vesselCount = 12
UT = 473327077.22169423
gameMode = CAREER
gameNull = False
kspVersion = 1.12.3
funds = 7042728.7053483771
science = 679
reputationPercent = 87
ongoingContracts = 5
missionCurrentScore = 0
missionIsStarted = False
missionIsEnded = False
missionHistoryId = 00000000-0000-0000-0000-000000000000
missionExpansionVersion = 
saveMD5 = 
lastWriteTime = 637907046317621946
