vesselCount = 6
UT = 430668434.61802167
gameMode = CAREER
gameNull = False
kspVersion = 1.12.3
funds = 2022308.9310202228
science = 438
reputationPercent = 77
ongoingContracts = 1
missionCurrentScore = 0
missionIsStarted = False
missionIsEnded = False
missionHistoryId = 00000000-0000-0000-0000-000000000000
missionExpansionVersion = 
saveMD5 = 
lastWriteTime = 637894941977844212
