vesselCount = 5
UT = 428067880.01268166
gameMode = CAREER
gameNull = False
kspVersion = 1.12.3
funds = 2643478.6364665478
science = 434
reputationPercent = 77
ongoingContracts = 1
missionCurrentScore = 0
missionIsStarted = False
missionIsEnded = False
missionHistoryId = 00000000-0000-0000-0000-000000000000
missionExpansionVersion = 
saveMD5 = 
lastWriteTime = 637894893383563544
