vesselCount = 0
UT = 111015988.12784001
gameMode = CAREER
gameNull = False
kspVersion = 1.12.3
funds = 61379.32417538538
science = 2
reputationPercent = 25
ongoingContracts = 2
missionCurrentScore = 0
missionIsStarted = False
missionIsEnded = False
missionHistoryId = 00000000-0000-0000-0000-000000000000
missionExpansionVersion = 
saveMD5 = 
lastWriteTime = 637845661963923648
