vesselCount = 9
UT = 484798029.93640602
gameMode = CAREER
gameNull = False
kspVersion = 1.12.3
funds = 8856001.9665166922
science = 2044
reputationPercent = 92
ongoingContracts = 2
missionCurrentScore = 0
missionIsStarted = False
missionIsEnded = False
missionHistoryId = 00000000-0000-0000-0000-000000000000
missionExpansionVersion = 
saveMD5 = 
lastWriteTime = 637911367489485037
