vesselCount = 5
UT = 421403760.81020463
gameMode = CAREER
gameNull = False
kspVersion = 1.12.3
funds = 996700.10793599067
science = 235
reputationPercent = 73
ongoingContracts = 2
missionCurrentScore = 0
missionIsStarted = False
missionIsEnded = False
missionHistoryId = 00000000-0000-0000-0000-000000000000
missionExpansionVersion = 
saveMD5 = 
lastWriteTime = 637894010804239053
