vesselCount = 5
UT = 384907460.39677984
gameMode = CAREER
gameNull = False
kspVersion = 1.12.3
funds = 220737.00745924647
science = 14
reputationPercent = 64
ongoingContracts = 4
missionCurrentScore = 0
missionIsStarted = False
missionIsEnded = False
missionHistoryId = 00000000-0000-0000-0000-000000000000
missionExpansionVersion = 
saveMD5 = 
lastWriteTime = 637888864234117101
