vesselCount = 6
UT = 393024572.67790127
gameMode = CAREER
gameNull = False
kspVersion = 1.12.3
funds = 778262.1323922521
science = 154
reputationPercent = 70
ongoingContracts = 1
missionCurrentScore = 0
missionIsStarted = False
missionIsEnded = False
missionHistoryId = 00000000-0000-0000-0000-000000000000
missionExpansionVersion = 
saveMD5 = 
lastWriteTime = 637889761748659583
