vesselCount = 4
UT = 414998422.12786454
gameMode = CAREER
gameNull = False
kspVersion = 1.12.3
funds = 1414851.6275329958
science = 221
reputationPercent = 73
ongoingContracts = 2
missionCurrentScore = 0
missionIsStarted = False
missionIsEnded = False
missionHistoryId = 00000000-0000-0000-0000-000000000000
missionExpansionVersion = 
saveMD5 = 
lastWriteTime = 637893161044440937
