vesselCount = 6
UT = 431413085.80317438
gameMode = CAREER
gameNull = False
kspVersion = 1.12.3
funds = 2840590.3527586996
science = 573
reputationPercent = 78
ongoingContracts = 0
missionCurrentScore = 0
missionIsStarted = False
missionIsEnded = False
missionHistoryId = 00000000-0000-0000-0000-000000000000
missionExpansionVersion = 
saveMD5 = 
lastWriteTime = 637895791067754615
