vesselCount = 9
UT = 462600107.99534374
gameMode = CAREER
gameNull = False
kspVersion = 1.12.3
funds = 5585985.549268919
science = 332
reputationPercent = 81
ongoingContracts = 5
missionCurrentScore = 0
missionIsStarted = False
missionIsEnded = False
missionHistoryId = 00000000-0000-0000-0000-000000000000
missionExpansionVersion = 
saveMD5 = 
lastWriteTime = 637903544344253863
