vesselCount = 3
UT = 274287542.2487489
gameMode = CAREER
gameNull = False
kspVersion = 1.12.3
funds = 1444795.3735662487
science = 16
reputationPercent = 73
ongoingContracts = 2
missionCurrentScore = 0
missionIsStarted = False
missionIsEnded = False
missionHistoryId = 00000000-0000-0000-0000-000000000000
missionExpansionVersion = 
saveMD5 = 
lastWriteTime = 637875921879342422
