vesselCount = 4
UT = 370851533.10266179
gameMode = CAREER
gameNull = False
kspVersion = 1.12.3
funds = 216535.14693556208
science = 24
reputationPercent = 66
ongoingContracts = 2
missionCurrentScore = 0
missionIsStarted = False
missionIsEnded = False
missionHistoryId = 00000000-0000-0000-0000-000000000000
missionExpansionVersion = 
saveMD5 = 
lastWriteTime = 637887994712509285
