vesselCount = 8
UT = 445008997.77304989
gameMode = CAREER
gameNull = False
kspVersion = 1.12.3
funds = 2856394.8631851412
science = 285
reputationPercent = 77
ongoingContracts = 3
missionCurrentScore = 0
missionIsStarted = False
missionIsEnded = False
missionHistoryId = 00000000-0000-0000-0000-000000000000
missionExpansionVersion = 
saveMD5 = 
lastWriteTime = 637899211487544453
