vesselCount = 4
UT = 294150061.84603012
gameMode = CAREER
gameNull = False
kspVersion = 1.12.3
funds = 864794.056156812
science = 27
reputationPercent = 66
ongoingContracts = 1
missionCurrentScore = 0
missionIsStarted = False
missionIsEnded = False
missionHistoryId = 00000000-0000-0000-0000-000000000000
missionExpansionVersion = 
saveMD5 = 
lastWriteTime = 637879408176792458
