vesselCount = 2
UT = 212422080.25836873
gameMode = CAREER
gameNull = False
kspVersion = 1.12.3
funds = 1034753.6972957557
science = 7
reputationPercent = 63
ongoingContracts = 1
missionCurrentScore = 0
missionIsStarted = False
missionIsEnded = False
missionHistoryId = 00000000-0000-0000-0000-000000000000
missionExpansionVersion = 
saveMD5 = 
lastWriteTime = 637865532108907517
