vesselCount = 0
UT = 81182807.982485637
gameMode = CAREER
gameNull = False
kspVersion = 1.12.3
funds = 394750.47580426274
science = 45
reputationPercent = 36
ongoingContracts = 2
missionCurrentScore = 0
missionIsStarted = False
missionIsEnded = False
missionHistoryId = 00000000-0000-0000-0000-000000000000
missionExpansionVersion = 
saveMD5 = 
lastWriteTime = 637842166288744771
