vesselCount = 4
UT = 279120721.10356206
gameMode = CAREER
gameNull = False
kspVersion = 1.12.3
funds = 1210898.4236672744
science = 27
reputationPercent = 73
ongoingContracts = 3
missionCurrentScore = 0
missionIsStarted = False
missionIsEnded = False
missionHistoryId = 00000000-0000-0000-0000-000000000000
missionExpansionVersion = 
saveMD5 = 
lastWriteTime = 637876806815441979
