vesselCount = 1
UT = 179780419.83731648
gameMode = CAREER
gameNull = False
kspVersion = 1.12.3
funds = 956862.49781780911
science = 78
reputationPercent = 66
ongoingContracts = 0
missionCurrentScore = 0
missionIsStarted = False
missionIsEnded = False
missionHistoryId = 00000000-0000-0000-0000-000000000000
missionExpansionVersion = 
saveMD5 = 
lastWriteTime = 637860366571557685
