vesselCount = 5
UT = 282674691.54520369
gameMode = CAREER
gameNull = False
kspVersion = 1.12.3
funds = 1128300.2884937918
science = 71
reputationPercent = 73
ongoingContracts = 2
missionCurrentScore = 0
missionIsStarted = False
missionIsEnded = False
missionHistoryId = 00000000-0000-0000-0000-000000000000
missionExpansionVersion = 
saveMD5 = 
lastWriteTime = 637877650776368481
