vesselCount = 3
UT = 270819981.04194677
gameMode = CAREER
gameNull = False
kspVersion = 1.12.3
funds = 1533811.3330641533
science = 12
reputationPercent = 73
ongoingContracts = 1
missionCurrentScore = 0
missionIsStarted = False
missionIsEnded = False
missionHistoryId = 00000000-0000-0000-0000-000000000000
missionExpansionVersion = 
saveMD5 = 
lastWriteTime = 637875092780782936
