vesselCount = 2
UT = 156111431.05610335
gameMode = CAREER
gameNull = False
kspVersion = 1.12.3
funds = 90839.242677424161
science = 39
reputationPercent = 47
ongoingContracts = 1
missionCurrentScore = 0
missionIsStarted = False
missionIsEnded = False
missionHistoryId = 00000000-0000-0000-0000-000000000000
missionExpansionVersion = 
saveMD5 = 
lastWriteTime = 637848238111104079
