vesselCount = 8
UT = 260981607.93795061
gameMode = CAREER
gameNull = False
kspVersion = 1.12.3
funds = 1849596.3797692666
science = 37
reputationPercent = 72
ongoingContracts = 2
missionCurrentScore = 0
missionIsStarted = False
missionIsEnded = False
missionHistoryId = 00000000-0000-0000-0000-000000000000
missionExpansionVersion = 
saveMD5 = 
lastWriteTime = 637873340452283029
