vesselCount = 1
UT = 176217208.48067376
gameMode = CAREER
gameNull = False
kspVersion = 1.12.3
funds = 726168.456936031
science = 27
reputationPercent = 66
ongoingContracts = 0
missionCurrentScore = 0
missionIsStarted = False
missionIsEnded = False
missionHistoryId = 00000000-0000-0000-0000-000000000000
missionExpansionVersion = 
saveMD5 = 
lastWriteTime = 637859511538162196
