vesselCount = 1
UT = 32898286.939184725
gameMode = CAREER
gameNull = False
kspVersion = 1.12.3
funds = 106740.20213437162
science = 28
reputationPercent = 14
ongoingContracts = 1
missionCurrentScore = 0
missionIsStarted = False
missionIsEnded = False
missionHistoryId = 00000000-0000-0000-0000-000000000000
missionExpansionVersion = 
saveMD5 = 
lastWriteTime = 637837042641188486
