vesselCount = 2
UT = 250244922.32334563
gameMode = CAREER
gameNull = False
kspVersion = 1.12.3
funds = 1393108.6760862009
science = 32
reputationPercent = 74
ongoingContracts = 3
missionCurrentScore = 0
missionIsStarted = False
missionIsEnded = False
missionHistoryId = 00000000-0000-0000-0000-000000000000
missionExpansionVersion = 
saveMD5 = 
lastWriteTime = 637871595605860210
