vesselCount = 2
UT = 139155140.64975807
gameMode = CAREER
gameNull = False
kspVersion = 1.12.3
funds = 79238.492481588837
science = 19
reputationPercent = 42
ongoingContracts = 1
missionCurrentScore = 0
missionIsStarted = False
missionIsEnded = False
missionHistoryId = 00000000-0000-0000-0000-000000000000
missionExpansionVersion = 
saveMD5 = 
lastWriteTime = 637847407053128848
