vesselCount = 3
UT = 133029644.81561197
gameMode = CAREER
gameNull = False
kspVersion = 1.12.3
funds = 268903.15709218319
science = 12
reputationPercent = 42
ongoingContracts = 1
missionCurrentScore = 0
missionIsStarted = False
missionIsEnded = False
missionHistoryId = 00000000-0000-0000-0000-000000000000
missionExpansionVersion = 
saveMD5 = 
lastWriteTime = 637847382721251152
