vesselCount = 1
UT = 46105068.638830252
gameMode = CAREER
gameNull = False
kspVersion = 1.12.3
funds = 144263.73599589831
science = 34
reputationPercent = 17
ongoingContracts = 1
missionCurrentScore = 0
missionIsStarted = False
missionIsEnded = False
missionHistoryId = 00000000-0000-0000-0000-000000000000
missionExpansionVersion = 
saveMD5 = 
lastWriteTime = 637837904917725175
