vesselCount = 6
UT = 383486186.06537008
gameMode = CAREER
gameNull = False
kspVersion = 1.12.3
funds = 287968.05729955086
science = 10
reputationPercent = 64
ongoingContracts = 4
missionCurrentScore = 0
missionIsStarted = False
missionIsEnded = False
missionHistoryId = 00000000-0000-0000-0000-000000000000
missionExpansionVersion = 
saveMD5 = 
lastWriteTime = 637888861895336286
