vesselCount = 1
UT = 92420065.967677966
gameMode = CAREER
gameNull = False
kspVersion = 1.12.3
funds = 369822.77103288163
science = 49
reputationPercent = 37
ongoingContracts = 2
missionCurrentScore = 0
missionIsStarted = False
missionIsEnded = False
missionHistoryId = 00000000-0000-0000-0000-000000000000
missionExpansionVersion = 
saveMD5 = 
lastWriteTime = 637844824127009795
