vesselCount = 2
UT = 207341488.21216854
gameMode = CAREER
gameNull = False
kspVersion = 1.12.3
funds = 1019816.6408816834
science = 6
reputationPercent = 62
ongoingContracts = 1
missionCurrentScore = 0
missionIsStarted = False
missionIsEnded = False
missionHistoryId = 00000000-0000-0000-0000-000000000000
missionExpansionVersion = 
saveMD5 = 
lastWriteTime = 637864695381774486
