vesselCount = 4
UT = 329052368.66325533
gameMode = CAREER
gameNull = False
kspVersion = 1.12.3
funds = 891848.5458996431
science = 228
reputationPercent = 75
ongoingContracts = 0
missionCurrentScore = 0
missionIsStarted = False
missionIsEnded = False
missionHistoryId = 00000000-0000-0000-0000-000000000000
missionExpansionVersion = 
saveMD5 = 
lastWriteTime = 637884536424968798
