vesselCount = 2
UT = 118241904.11197202
gameMode = CAREER
gameNull = False
kspVersion = 1.12.3
funds = 471067.6136979523
science = 9
reputationPercent = 41
ongoingContracts = 1
missionCurrentScore = 0
missionIsStarted = False
missionIsEnded = False
missionHistoryId = 00000000-0000-0000-0000-000000000000
missionExpansionVersion = 
saveMD5 = 
lastWriteTime = 637846504715433426
