vesselCount = 1
UT = 61927056.570153624
gameMode = CAREER
gameNull = False
kspVersion = 1.12.3
funds = 175953.05753852596
science = 23
reputationPercent = 30
ongoingContracts = 0
missionCurrentScore = 0
missionIsStarted = False
missionIsEnded = False
missionHistoryId = 00000000-0000-0000-0000-000000000000
missionExpansionVersion = 
saveMD5 = 
lastWriteTime = 637839682061416682
