vesselCount = 3
UT = 254415093.9199273
gameMode = CAREER
gameNull = False
kspVersion = 1.12.3
funds = 1525292.8871076964
science = 87
reputationPercent = 74
ongoingContracts = 2
missionCurrentScore = 0
missionIsStarted = False
missionIsEnded = False
missionHistoryId = 00000000-0000-0000-0000-000000000000
missionExpansionVersion = 
saveMD5 = 
lastWriteTime = 637872449144229433
