vesselCount = 1
UT = 79726632.166320294
gameMode = CAREER
gameNull = False
kspVersion = 1.12.3
funds = 355425.26071742945
science = 34
reputationPercent = 34
ongoingContracts = 2
missionCurrentScore = 0
missionIsStarted = False
missionIsEnded = False
missionHistoryId = 00000000-0000-0000-0000-000000000000
missionExpansionVersion = 
saveMD5 = 
lastWriteTime = 637841396200918054
