vesselCount = 3
UT = 218235033.56692064
gameMode = CAREER
gameNull = False
kspVersion = 1.12.3
funds = 1106663.7993784377
science = 11
reputationPercent = 69
ongoingContracts = 0
missionCurrentScore = 0
missionIsStarted = False
missionIsEnded = False
missionHistoryId = 00000000-0000-0000-0000-000000000000
missionExpansionVersion = 
saveMD5 = 
lastWriteTime = 637866395677524505
