vesselCount = 1
UT = 332396410.17558372
gameMode = CAREER
gameNull = False
kspVersion = 1.12.3
funds = 728048.16170374351
science = 35
reputationPercent = 75
ongoingContracts = 0
missionCurrentScore = 0
missionIsStarted = False
missionIsEnded = False
missionHistoryId = 00000000-0000-0000-0000-000000000000
missionExpansionVersion = 
saveMD5 = 
lastWriteTime = 637884598022515095
