vesselCount = 2
UT = 180040723.74518746
gameMode = CAREER
gameNull = False
kspVersion = 1.12.3
funds = 1197555.7091690425
science = 21
reputationPercent = 71
ongoingContracts = 1
missionCurrentScore = 0
missionIsStarted = False
missionIsEnded = False
missionHistoryId = 00000000-0000-0000-0000-000000000000
missionExpansionVersion = 
saveMD5 = 
lastWriteTime = 637860401658780135
