vesselCount = 4
UT = 271529254.21710587
gameMode = CAREER
gameNull = False
kspVersion = 1.12.3
funds = 1493253.8273527271
science = 12
reputationPercent = 72
ongoingContracts = 2
missionCurrentScore = 0
missionIsStarted = False
missionIsEnded = False
missionHistoryId = 00000000-0000-0000-0000-000000000000
missionExpansionVersion = 
saveMD5 = 
lastWriteTime = 637875118815352031
