vesselCount = 1
UT = 206932099.73237246
gameMode = CAREER
gameNull = False
kspVersion = 1.12.3
funds = 787414.93590976321
science = 4
reputationPercent = 62
ongoingContracts = 0
missionCurrentScore = 0
missionIsStarted = False
missionIsEnded = False
missionHistoryId = 00000000-0000-0000-0000-000000000000
missionExpansionVersion = 
saveMD5 = 
lastWriteTime = 637864677956660306
