vesselCount = 1
UT = 68934437.198105559
gameMode = CAREER
gameNull = False
kspVersion = 1.12.3
funds = 450016.3317471263
science = 22
reputationPercent = 30
ongoingContracts = 2
missionCurrentScore = 0
missionIsStarted = False
missionIsEnded = False
missionHistoryId = 00000000-0000-0000-0000-000000000000
missionExpansionVersion = 
saveMD5 = 
lastWriteTime = 637840533441191966
