vesselCount = 0
UT = 161538925.30805165
gameMode = CAREER
gameNull = False
kspVersion = 1.12.3
funds = 562475.11716714012
science = 100
reputationPercent = 58
ongoingContracts = 0
missionCurrentScore = 0
missionIsStarted = False
missionIsEnded = False
missionHistoryId = 00000000-0000-0000-0000-000000000000
missionExpansionVersion = 
saveMD5 = 
lastWriteTime = 637849126323864060
