vesselCount = 0
UT = 93417664.207657918
gameMode = CAREER
gameNull = False
kspVersion = 1.12.3
funds = 358828.68951475195
science = 49
reputationPercent = 37
ongoingContracts = 2
missionCurrentScore = 0
missionIsStarted = False
missionIsEnded = False
missionHistoryId = 00000000-0000-0000-0000-000000000000
missionExpansionVersion = 
saveMD5 = 
lastWriteTime = 637844869318808538
