vesselCount = 2
UT = 189551971.29315084
gameMode = CAREER
gameNull = False
kspVersion = 1.12.3
funds = 1126818.8301400396
science = 25
reputationPercent = 69
ongoingContracts = 0
missionCurrentScore = 0
missionIsStarted = False
missionIsEnded = False
missionHistoryId = 00000000-0000-0000-0000-000000000000
missionExpansionVersion = 
saveMD5 = 
lastWriteTime = 637862964854597722
