vesselCount = 2
UT = 195777190.5773609
gameMode = CAREER
gameNull = False
kspVersion = 1.12.3
funds = 871630.22783928562
science = 29
reputationPercent = 69
ongoingContracts = 0
missionCurrentScore = 0
missionIsStarted = False
missionIsEnded = False
missionHistoryId = 00000000-0000-0000-0000-000000000000
missionExpansionVersion = 
saveMD5 = 
lastWriteTime = 637863810919502201
