vesselCount = 1
UT = 49296005.942366473
gameMode = CAREER
gameNull = False
kspVersion = 1.12.3
funds = 161993.60342987874
science = 1
reputationPercent = 19
ongoingContracts = 1
missionCurrentScore = 0
missionIsStarted = False
missionIsEnded = False
missionHistoryId = 00000000-0000-0000-0000-000000000000
missionExpansionVersion = 
saveMD5 = 
lastWriteTime = 637838842896147907
