vesselCount = 2
UT = 175267006.90043628
gameMode = CAREER
gameNull = False
kspVersion = 1.12.3
funds = 747484.86204045766
science = 26
reputationPercent = 66
ongoingContracts = 0
missionCurrentScore = 0
missionIsStarted = False
missionIsEnded = False
missionHistoryId = 00000000-0000-0000-0000-000000000000
missionExpansionVersion = 
saveMD5 = 
lastWriteTime = 637850011393012397
