vesselCount = 1
UT = 115747845.22286305
gameMode = CAREER
gameNull = False
kspVersion = 1.12.3
funds = 29983.927648243138
science = 2
reputationPercent = 23
ongoingContracts = 2
missionCurrentScore = 0
missionIsStarted = False
missionIsEnded = False
missionHistoryId = 00000000-0000-0000-0000-000000000000
missionExpansionVersion = 
saveMD5 = 
lastWriteTime = 637845682496511654
