vesselCount = 4
UT = 243532366.15250191
gameMode = CAREER
gameNull = False
kspVersion = 1.12.3
funds = 695491.40434563102
science = 40
reputationPercent = 73
ongoingContracts = 0
missionCurrentScore = 0
missionIsStarted = False
missionIsEnded = False
missionHistoryId = 00000000-0000-0000-0000-000000000000
missionExpansionVersion = 
saveMD5 = 
lastWriteTime = 637869857552131962
