vesselCount = 3
UT = 406537740.80010933
gameMode = CAREER
gameNull = False
kspVersion = 1.12.3
funds = 861557.16597252875
science = 198
reputationPercent = 75
ongoingContracts = 1
missionCurrentScore = 0
missionIsStarted = False
missionIsEnded = False
missionHistoryId = 00000000-0000-0000-0000-000000000000
missionExpansionVersion = 
saveMD5 = 
lastWriteTime = 637892312489747006
