vesselCount = 5
UT = 293034032.77083576
gameMode = CAREER
gameNull = False
kspVersion = 1.12.3
funds = 988874.63733262883
science = 25
reputationPercent = 66
ongoingContracts = 1
missionCurrentScore = 0
missionIsStarted = False
missionIsEnded = False
missionHistoryId = 00000000-0000-0000-0000-000000000000
missionExpansionVersion = 
saveMD5 = 
lastWriteTime = 637878495018168937
