vesselCount = 0
UT = 86257543.863146469
gameMode = CAREER
gameNull = False
kspVersion = 1.12.3
funds = 358382.2403784545
science = 46
reputationPercent = 36
ongoingContracts = 2
missionCurrentScore = 0
missionIsStarted = False
missionIsEnded = False
missionHistoryId = 00000000-0000-0000-0000-000000000000
missionExpansionVersion = 
saveMD5 = 
lastWriteTime = 637843120206641427
