vesselCount = 4
UT = 228852611.37699413
gameMode = CAREER
gameNull = False
kspVersion = 1.12.3
funds = 910129.65636509319
science = 15
reputationPercent = 69
ongoingContracts = 1
missionCurrentScore = 0
missionIsStarted = False
missionIsEnded = False
missionHistoryId = 00000000-0000-0000-0000-000000000000
missionExpansionVersion = 
saveMD5 = 
lastWriteTime = 637868985875690152
