vesselCount = 1
UT = 81182745.122498751
gameMode = CAREER
gameNull = False
kspVersion = 1.12.3
funds = 394795.7378598025
science = 38
reputationPercent = 36
ongoingContracts = 2
missionCurrentScore = 0
missionIsStarted = False
missionIsEnded = False
missionHistoryId = 00000000-0000-0000-0000-000000000000
missionExpansionVersion = 
saveMD5 = 
lastWriteTime = 637842160507269978
