vesselCount = 0
UT = 4884292.9719729638
gameMode = CAREER
gameNull = False
kspVersion = 1.12.3
funds = 48358.185395784407
science = 2
reputationPercent = 4
ongoingContracts = 1
missionCurrentScore = 0
missionIsStarted = False
missionIsEnded = False
missionHistoryId = 00000000-0000-0000-0000-000000000000
missionExpansionVersion = 
saveMD5 = 
lastWriteTime = 637836168311125835
