vesselCount = 3
UT = 279120908.22338361
gameMode = CAREER
gameNull = False
kspVersion = 1.12.3
funds = 1199389.3697808578
science = 27
reputationPercent = 71
ongoingContracts = 3
missionCurrentScore = 0
missionIsStarted = False
missionIsEnded = False
missionHistoryId = 00000000-0000-0000-0000-000000000000
missionExpansionVersion = 
saveMD5 = 
lastWriteTime = 637876815082610649
