vesselCount = 0
UT = 47141874.979771115
gameMode = CAREER
gameNull = False
kspVersion = 1.12.3
funds = 187838.28760368022
science = 51
reputationPercent = 19
ongoingContracts = 1
missionCurrentScore = 0
missionIsStarted = False
missionIsEnded = False
missionHistoryId = 00000000-0000-0000-0000-000000000000
missionExpansionVersion = 
saveMD5 = 
lastWriteTime = 637838812020523378
