vesselCount = 4
UT = 254164680.57855928
gameMode = CAREER
gameNull = False
kspVersion = 1.12.3
funds = 1493984.2600557068
science = 82
reputationPercent = 74
ongoingContracts = 2
missionCurrentScore = 0
missionIsStarted = False
missionIsEnded = False
missionHistoryId = 00000000-0000-0000-0000-000000000000
missionExpansionVersion = 
saveMD5 = 
lastWriteTime = 637872435722065958
