vesselCount = 1
UT = 191875385.99195194
gameMode = CAREER
gameNull = False
kspVersion = 1.12.3
funds = 1088101.2528856813
science = 26
reputationPercent = 69
ongoingContracts = 0
missionCurrentScore = 0
missionIsStarted = False
missionIsEnded = False
missionHistoryId = 00000000-0000-0000-0000-000000000000
missionExpansionVersion = 
saveMD5 = 
lastWriteTime = 637863012015843533
