vesselCount = 1
UT = 5149335.941488022
gameMode = CAREER
gameNull = False
kspVersion = 1.12.3
funds = 85146.800835348928
science = 1
reputationPercent = 9
ongoingContracts = 1
missionCurrentScore = 0
missionIsStarted = False
missionIsEnded = False
missionHistoryId = 00000000-0000-0000-0000-000000000000
missionExpansionVersion = 
saveMD5 = 
lastWriteTime = 637836208076055354
