vesselCount = 1
UT = 104774892.58798485
gameMode = CAREER
gameNull = False
kspVersion = 1.12.3
funds = 165430.27657507197
science = 0
reputationPercent = 32
ongoingContracts = 2
missionCurrentScore = 0
missionIsStarted = False
missionIsEnded = False
missionHistoryId = 00000000-0000-0000-0000-000000000000
missionExpansionVersion = 
saveMD5 = 
lastWriteTime = 637845638332634159
