vesselCount = 4
UT = 293085951.53071529
gameMode = CAREER
gameNull = False
kspVersion = 1.12.3
funds = 976165.30703883211
science = 25
reputationPercent = 66
ongoingContracts = 1
missionCurrentScore = 0
missionIsStarted = False
missionIsEnded = False
missionHistoryId = 00000000-0000-0000-0000-000000000000
missionExpansionVersion = 
saveMD5 = 
lastWriteTime = 637879399588780572
