vesselCount = 2
UT = 220252641.02723745
gameMode = CAREER
gameNull = False
kspVersion = 1.12.3
funds = 1037793.8339673707
science = 13
reputationPercent = 69
ongoingContracts = 1
missionCurrentScore = 0
missionIsStarted = False
missionIsEnded = False
missionHistoryId = 00000000-0000-0000-0000-000000000000
missionExpansionVersion = 
saveMD5 = 
lastWriteTime = 637867256123116689
