vesselCount = 3
UT = 133029351.17567323
gameMode = CAREER
gameNull = False
kspVersion = 1.12.3
funds = 377743.28540039994
science = 12
reputationPercent = 42
ongoingContracts = 0
missionCurrentScore = 0
missionIsStarted = False
missionIsEnded = False
missionHistoryId = 00000000-0000-0000-0000-000000000000
missionExpansionVersion = 
saveMD5 = 
lastWriteTime = 637846571654819977
