vesselCount = 6
UT = 392663607.38803267
gameMode = CAREER
gameNull = False
kspVersion = 1.12.3
funds = 432154.50049557933
science = 29
reputationPercent = 63
ongoingContracts = 2
missionCurrentScore = 0
missionIsStarted = False
missionIsEnded = False
missionHistoryId = 00000000-0000-0000-0000-000000000000
missionExpansionVersion = 
saveMD5 = 
lastWriteTime = 637889718036444288
