vesselCount = 9
UT = 465912479.84398723
gameMode = CAREER
gameNull = False
kspVersion = 1.12.3
funds = 6723654.5623329328
science = 516
reputationPercent = 86
ongoingContracts = 2
missionCurrentScore = 0
missionIsStarted = False
missionIsEnded = False
missionHistoryId = 00000000-0000-0000-0000-000000000000
missionExpansionVersion = 
saveMD5 = 
lastWriteTime = 637903600624484209
