vesselCount = 1
UT = 212988357.06969675
gameMode = CAREER
gameNull = False
kspVersion = 1.12.3
funds = 957872.97141715128
science = 9
reputationPercent = 62
ongoingContracts = 1
missionCurrentScore = 0
missionIsStarted = False
missionIsEnded = False
missionHistoryId = 00000000-0000-0000-0000-000000000000
missionExpansionVersion = 
saveMD5 = 
lastWriteTime = 637865544511978036
