vesselCount = 8
UT = 445002805.43742085
gameMode = CAREER
gameNull = False
kspVersion = 1.12.3
funds = 2811725.7659985363
science = 248
reputationPercent = 75
ongoingContracts = 4
missionCurrentScore = 0
missionIsStarted = False
missionIsEnded = False
missionHistoryId = 00000000-0000-0000-0000-000000000000
missionExpansionVersion = 
saveMD5 = 
lastWriteTime = 637899196067337631
