vesselCount = 5
UT = 382665206.15392619
gameMode = CAREER
gameNull = False
kspVersion = 1.12.3
funds = 281651.95460407663
science = 10
reputationPercent = 65
ongoingContracts = 3
missionCurrentScore = 0
missionIsStarted = False
missionIsEnded = False
missionHistoryId = 00000000-0000-0000-0000-000000000000
missionExpansionVersion = 
saveMD5 = 
lastWriteTime = 637888857943318055
