vesselCount = 6
UT = 393020612.68343967
gameMode = CAREER
gameNull = False
kspVersion = 1.12.3
funds = 778400.55920293683
science = 153
reputationPercent = 70
ongoingContracts = 1
missionCurrentScore = 0
missionIsStarted = False
missionIsEnded = False
missionHistoryId = 00000000-0000-0000-0000-000000000000
missionExpansionVersion = 
saveMD5 = 
lastWriteTime = 637889748598167610
