vesselCount = 6
UT = 436281737.85588777
gameMode = CAREER
gameNull = False
kspVersion = 1.12.3
funds = 2895848.8384329337
science = 33
reputationPercent = 77
ongoingContracts = 4
missionCurrentScore = 0
missionIsStarted = False
missionIsEnded = False
missionHistoryId = 00000000-0000-0000-0000-000000000000
missionExpansionVersion = 
saveMD5 = 
lastWriteTime = 637896631614454689
