vesselCount = 11
UT = 472471122.64934093
gameMode = CAREER
gameNull = False
kspVersion = 1.12.3
funds = 7169509.8558025602
science = 627
reputationPercent = 87
ongoingContracts = 5
missionCurrentScore = 0
missionIsStarted = False
missionIsEnded = False
missionHistoryId = 00000000-0000-0000-0000-000000000000
missionExpansionVersion = 
saveMD5 = 
lastWriteTime = 637907009886727642
