vesselCount = 1
UT = 157405213.91633305
gameMode = CAREER
gameNull = False
kspVersion = 1.12.3
funds = 44451.492818446393
science = 41
reputationPercent = 47
ongoingContracts = 1
missionCurrentScore = 0
missionIsStarted = False
missionIsEnded = False
missionHistoryId = 00000000-0000-0000-0000-000000000000
missionExpansionVersion = 
saveMD5 = 
lastWriteTime = 637848251964911289
