vesselCount = 1
UT = 179780348.37727815
gameMode = CAREER
gameNull = False
kspVersion = 1.12.3
funds = 956902.63487267413
science = 78
reputationPercent = 66
ongoingContracts = 0
missionCurrentScore = 0
missionIsStarted = False
missionIsEnded = False
missionHistoryId = 00000000-0000-0000-0000-000000000000
missionExpansionVersion = 
saveMD5 = 
lastWriteTime = 637859542235623266
