vesselCount = 1
UT = 176216827.86046958
gameMode = CAREER
gameNull = False
kspVersion = 1.12.3
funds = 726173.52456601011
science = 27
reputationPercent = 66
ongoingContracts = 0
missionCurrentScore = 0
missionIsStarted = False
missionIsEnded = False
missionHistoryId = 00000000-0000-0000-0000-000000000000
missionExpansionVersion = 
saveMD5 = 
lastWriteTime = 637850029041227844
