vesselCount = 9
UT = 458315490.46037346
gameMode = CAREER
gameNull = False
kspVersion = 1.12.3
funds = 6009838.0535396794
science = 329
reputationPercent = 81
ongoingContracts = 5
missionCurrentScore = 0
missionIsStarted = False
missionIsEnded = False
missionHistoryId = 00000000-0000-0000-0000-000000000000
missionExpansionVersion = 
saveMD5 = 
lastWriteTime = 637901859722056622
