vesselCount = 5
UT = 437484591.75640851
gameMode = CAREER
gameNull = False
kspVersion = 1.12.3
funds = 3114676.4925734168
science = 106
reputationPercent = 78
ongoingContracts = 4
missionCurrentScore = 0
missionIsStarted = False
missionIsEnded = False
missionHistoryId = 00000000-0000-0000-0000-000000000000
missionExpansionVersion = 
saveMD5 = 
lastWriteTime = 637896671569876381
