vesselCount = 5
UT = 421993818.7271831
gameMode = CAREER
gameNull = False
kspVersion = 1.12.3
funds = 2221817.3162038475
science = 421
reputationPercent = 77
ongoingContracts = 0
missionCurrentScore = 0
missionIsStarted = False
missionIsEnded = False
missionHistoryId = 00000000-0000-0000-0000-000000000000
missionExpansionVersion = 
saveMD5 = 
lastWriteTime = 637894065007054217
