vesselCount = 1
UT = 194816746.39206934
gameMode = CAREER
gameNull = False
kspVersion = 1.12.3
funds = 851630.85992949223
science = 26
reputationPercent = 69
ongoingContracts = 0
missionCurrentScore = 0
missionIsStarted = False
missionIsEnded = False
missionHistoryId = 00000000-0000-0000-0000-000000000000
missionExpansionVersion = 
saveMD5 = 
lastWriteTime = 637863018954937367
