vesselCount = 5
UT = 419676461.87062168
gameMode = CAREER
gameNull = False
kspVersion = 1.12.3
funds = 1083942.9236165239
science = 232
reputationPercent = 73
ongoingContracts = 2
missionCurrentScore = 0
missionIsStarted = False
missionIsEnded = False
missionHistoryId = 00000000-0000-0000-0000-000000000000
missionExpansionVersion = 
saveMD5 = 
lastWriteTime = 637893206227292628
