vesselCount = 9
UT = 452564943.40708625
gameMode = CAREER
gameNull = False
kspVersion = 1.12.3
funds = 6281316.589739807
science = 287
reputationPercent = 79
ongoingContracts = 5
missionCurrentScore = 0
missionIsStarted = False
missionIsEnded = False
missionHistoryId = 00000000-0000-0000-0000-000000000000
missionExpansionVersion = 
saveMD5 = 
lastWriteTime = 637901026099209775
