vesselCount = 6
UT = 435520409.13565671
gameMode = CAREER
gameNull = False
kspVersion = 1.12.3
funds = 2718848.6836033179
science = 32
reputationPercent = 77
ongoingContracts = 0
missionCurrentScore = 0
missionIsStarted = False
missionIsEnded = False
missionHistoryId = 00000000-0000-0000-0000-000000000000
missionExpansionVersion = 
saveMD5 = 
lastWriteTime = 637895817278928322
