vesselCount = 6
UT = 430668483.71797484
gameMode = CAREER
gameNull = False
kspVersion = 1.12.3
funds = 2150567.2341799363
science = 438
reputationPercent = 76
ongoingContracts = 2
missionCurrentScore = 0
missionIsStarted = False
missionIsEnded = False
missionHistoryId = 00000000-0000-0000-0000-000000000000
missionExpansionVersion = 
saveMD5 = 
lastWriteTime = 637894950631943473
