vesselCount = 10
UT = 470196594.24474716
gameMode = CAREER
gameNull = False
kspVersion = 1.12.3
funds = 7433969.1528914236
science = 580
reputationPercent = 87
ongoingContracts = 5
missionCurrentScore = 0
missionIsStarted = False
missionIsEnded = False
missionHistoryId = 00000000-0000-0000-0000-000000000000
missionExpansionVersion = 
saveMD5 = 
lastWriteTime = 637905349521155040
