vesselCount = 0
UT = 100597917.98777108
gameMode = CAREER
gameNull = False
kspVersion = 1.12.3
funds = 138386.64936443034
science = 50
reputationPercent = 36
ongoingContracts = 2
missionCurrentScore = 0
missionIsStarted = False
missionIsEnded = False
missionHistoryId = 00000000-0000-0000-0000-000000000000
missionExpansionVersion = 
saveMD5 = 
lastWriteTime = 637844900692918875
