vesselCount = 0
UT = 49886254.102380775
gameMode = CAREER
gameNull = False
kspVersion = 1.12.3
funds = 159276.82193525325
science = 6
reputationPercent = 19
ongoingContracts = 1
missionCurrentScore = 0
missionIsStarted = False
missionIsEnded = False
missionHistoryId = 00000000-0000-0000-0000-000000000000
missionExpansionVersion = 
saveMD5 = 
lastWriteTime = 637838843959097159
