vesselCount = 9
UT = 485427045.2491377
gameMode = CAREER
gameNull = False
kspVersion = 1.12.3
funds = 9828148.7630010974
science = 2492
reputationPercent = 93
ongoingContracts = 1
missionCurrentScore = 0
missionIsStarted = False
missionIsEnded = False
missionHistoryId = 00000000-0000-0000-0000-000000000000
missionExpansionVersion = 
saveMD5 = 
lastWriteTime = 637911416030899776
