vesselCount = 4
UT = 244231473.01747766
gameMode = CAREER
gameNull = False
kspVersion = 1.12.3
funds = 760818.32815507392
science = 43
reputationPercent = 73
ongoingContracts = 0
missionCurrentScore = 0
missionIsStarted = False
missionIsEnded = False
missionHistoryId = 00000000-0000-0000-0000-000000000000
missionExpansionVersion = 
saveMD5 = 
lastWriteTime = 637869874074725424
