vesselCount = 4
UT = 290398432.59081674
gameMode = CAREER
gameNull = False
kspVersion = 1.12.3
funds = 1032190.1425449662
science = 125
reputationPercent = 73
ongoingContracts = 1
missionCurrentScore = 0
missionIsStarted = False
missionIsEnded = False
missionHistoryId = 00000000-0000-0000-0000-000000000000
missionExpansionVersion = 
saveMD5 = 
lastWriteTime = 637877679965069973
