vesselCount = 7
UT = 255816417.37009722
gameMode = CAREER
gameNull = False
kspVersion = 1.12.3
funds = 1748267.1745888942
science = 35
reputationPercent = 74
ongoingContracts = 1
missionCurrentScore = 0
missionIsStarted = False
missionIsEnded = False
missionHistoryId = 00000000-0000-0000-0000-000000000000
missionExpansionVersion = 
saveMD5 = 
lastWriteTime = 637872475308261000
