vesselCount = 9
UT = 469049724.3787601
gameMode = CAREER
gameNull = False
kspVersion = 1.12.3
funds = 7209909.9187533418
science = 567
reputationPercent = 87
ongoingContracts = 2
missionCurrentScore = 0
missionIsStarted = False
missionIsEnded = False
missionHistoryId = 00000000-0000-0000-0000-000000000000
missionExpansionVersion = 
saveMD5 = 
lastWriteTime = 637904496112199811
