vesselCount = 3
UT = 369008381.51204872
gameMode = CAREER
gameNull = False
kspVersion = 1.12.3
funds = 263819.22170230816
science = 12
reputationPercent = 68
ongoingContracts = 1
missionCurrentScore = 0
missionIsStarted = False
missionIsEnded = False
missionHistoryId = 00000000-0000-0000-0000-000000000000
missionExpansionVersion = 
saveMD5 = 
lastWriteTime = 637887190957138673
