vesselCount = 7
UT = 440726892.72780341
gameMode = CAREER
gameNull = False
kspVersion = 1.12.3
funds = 2928020.6708555017
science = 49
reputationPercent = 74
ongoingContracts = 4
missionCurrentScore = 0
missionIsStarted = False
missionIsEnded = False
missionHistoryId = 00000000-0000-0000-0000-000000000000
missionExpansionVersion = 
saveMD5 = 
lastWriteTime = 637898433427253804
