vesselCount = 0
UT = 161538704.00793293
gameMode = CAREER
gameNull = False
kspVersion = 1.12.3
funds = 562492.51029866445
science = 100
reputationPercent = 58
ongoingContracts = 0
missionCurrentScore = 0
missionIsStarted = False
missionIsEnded = False
missionHistoryId = 00000000-0000-0000-0000-000000000000
missionExpansionVersion = 
saveMD5 = 
lastWriteTime = 637848318613596968
