vesselCount = 3
UT = 133029400.07566303
gameMode = CAREER
gameNull = False
kspVersion = 1.12.3
funds = 377742.28231097991
science = 12
reputationPercent = 42
ongoingContracts = 0
missionCurrentScore = 0
missionIsStarted = False
missionIsEnded = False
missionHistoryId = 00000000-0000-0000-0000-000000000000
missionExpansionVersion = 
saveMD5 = 
lastWriteTime = 637846578363804244
