vesselCount = 7
UT = 402724496.83052957
gameMode = CAREER
gameNull = False
kspVersion = 1.12.3
funds = 790987.78881463152
science = 107
reputationPercent = 75
ongoingContracts = 0
missionCurrentScore = 0
missionIsStarted = False
missionIsEnded = False
missionHistoryId = 00000000-0000-0000-0000-000000000000
missionExpansionVersion = 
saveMD5 = 
lastWriteTime = 637891545883020613
