vesselCount = 5
UT = 376005190.35725284
gameMode = CAREER
gameNull = False
kspVersion = 1.12.3
funds = 170441.58692064858
science = 19
reputationPercent = 67
ongoingContracts = 2
missionCurrentScore = 0
missionIsStarted = False
missionIsEnded = False
missionHistoryId = 00000000-0000-0000-0000-000000000000
missionExpansionVersion = 
saveMD5 = 
lastWriteTime = 637888074060231384
