vesselCount = 6
UT = 393164503.76371777
gameMode = CAREER
gameNull = False
kspVersion = 1.12.3
funds = 961458.99925320828
science = 222
reputationPercent = 74
ongoingContracts = 0
missionCurrentScore = 0
missionIsStarted = False
missionIsEnded = False
missionHistoryId = 00000000-0000-0000-0000-000000000000
missionExpansionVersion = 
saveMD5 = 
lastWriteTime = 637889773006705535
