vesselCount = 11
UT = 479225981.84047186
gameMode = CAREER
gameNull = False
kspVersion = 1.12.3
funds = 8107113.2931037992
science = 1081
reputationPercent = 90
ongoingContracts = 5
missionCurrentScore = 0
missionIsStarted = False
missionIsEnded = False
missionHistoryId = 00000000-0000-0000-0000-000000000000
missionExpansionVersion = 
saveMD5 = 
lastWriteTime = 637909659860842262
