vesselCount = 3
UT = 251330601.48776934
gameMode = CAREER
gameNull = False
kspVersion = 1.12.3
funds = 1529408.7510700137
science = 71
reputationPercent = 74
ongoingContracts = 1
missionCurrentScore = 0
missionIsStarted = False
missionIsEnded = False
missionHistoryId = 00000000-0000-0000-0000-000000000000
missionExpansionVersion = 
saveMD5 = 
lastWriteTime = 637871630311327551
