vesselCount = 9
UT = 467740856.92617685
gameMode = CAREER
gameNull = False
kspVersion = 1.12.3
funds = 7278217.2064123219
science = 563
reputationPercent = 87
ongoingContracts = 2
missionCurrentScore = 0
missionIsStarted = False
missionIsEnded = False
missionHistoryId = 00000000-0000-0000-0000-000000000000
missionExpansionVersion = 
saveMD5 = 
lastWriteTime = 637903618499728374
