vesselCount = 1
UT = 207846221.46158063
gameMode = CAREER
gameNull = False
kspVersion = 1.12.3
funds = 1042140.7013841264
science = 7
reputationPercent = 63
ongoingContracts = 1
missionCurrentScore = 0
missionIsStarted = False
missionIsEnded = False
missionHistoryId = 00000000-0000-0000-0000-000000000000
missionExpansionVersion = 
saveMD5 = 
lastWriteTime = 637864703236491839
