vesselCount = 8
UT = 449529516.07239687
gameMode = CAREER
gameNull = False
kspVersion = 1.12.3
funds = 6209931.964789683
science = 402
reputationPercent = 76
ongoingContracts = 6
missionCurrentScore = 0
missionIsStarted = False
missionIsEnded = False
missionHistoryId = 00000000-0000-0000-0000-000000000000
missionExpansionVersion = 
saveMD5 = 
lastWriteTime = 637899264547097179
