vesselCount = 7
UT = 439441853.80508655
gameMode = CAREER
gameNull = False
kspVersion = 1.12.3
funds = 2957370.4516094956
science = 48
reputationPercent = 78
ongoingContracts = 4
missionCurrentScore = 0
missionIsStarted = False
missionIsEnded = False
missionHistoryId = 00000000-0000-0000-0000-000000000000
missionExpansionVersion = 
saveMD5 = 
lastWriteTime = 637897545402599297
