vesselCount = 4
UT = 315704941.83649474
gameMode = CAREER
gameNull = False
kspVersion = 1.12.3
funds = 739144.13583509298
science = 87
reputationPercent = 76
ongoingContracts = 0
missionCurrentScore = 0
missionIsStarted = False
missionIsEnded = False
missionHistoryId = 00000000-0000-0000-0000-000000000000
missionExpansionVersion = 
saveMD5 = 
lastWriteTime = 637881125954810160
