vesselCount = 2
UT = 217838904.32888231
gameMode = CAREER
gameNull = False
kspVersion = 1.12.3
funds = 813562.56698131026
science = 9
reputationPercent = 62
ongoingContracts = 2
missionCurrentScore = 0
missionIsStarted = False
missionIsEnded = False
missionHistoryId = 00000000-0000-0000-0000-000000000000
missionExpansionVersion = 
saveMD5 = 
lastWriteTime = 637865586350451173
