vesselCount = 0
UT = 19223973.272650622
gameMode = CAREER
gameNull = False
kspVersion = 1.12.3
funds = 144080.43995204859
science = 23
reputationPercent = 13
ongoingContracts = 0
missionCurrentScore = 0
missionIsStarted = False
missionIsEnded = False
missionHistoryId = 00000000-0000-0000-0000-000000000000
missionExpansionVersion = 
saveMD5 = 
lastWriteTime = 637836234014944778
