vesselCount = 3
UT = 271529360.53700447
gameMode = CAREER
gameNull = False
kspVersion = 1.12.3
funds = 1493253.8269375833
science = 12
reputationPercent = 72
ongoingContracts = 2
missionCurrentScore = 0
missionIsStarted = False
missionIsEnded = False
missionHistoryId = 00000000-0000-0000-0000-000000000000
missionExpansionVersion = 
saveMD5 = 
lastWriteTime = 637875120147635614
