vesselCount = 2
UT = 250244895.22333109
gameMode = CAREER
gameNull = False
kspVersion = 1.12.3
funds = 1385780.297607197
science = 32
reputationPercent = 74
ongoingContracts = 2
missionCurrentScore = 0
missionIsStarted = False
missionIsEnded = False
missionHistoryId = 00000000-0000-0000-0000-000000000000
missionExpansionVersion = 
saveMD5 = 
lastWriteTime = 637870759856179589
