vesselCount = 4
UT = 309759819.76349396
gameMode = CAREER
gameNull = False
kspVersion = 1.12.3
funds = 954080.07412935526
science = 47
reputationPercent = 77
ongoingContracts = 0
missionCurrentScore = 0
missionIsStarted = False
missionIsEnded = False
missionHistoryId = 00000000-0000-0000-0000-000000000000
missionExpansionVersion = 
saveMD5 = 
lastWriteTime = 637880269558711930
