vesselCount = 1
UT = 336030219.73650289
gameMode = CAREER
gameNull = False
kspVersion = 1.12.3
funds = 667582.20464981464
science = 35
reputationPercent = 73
ongoingContracts = 0
missionCurrentScore = 0
missionIsStarted = False
missionIsEnded = False
missionHistoryId = 00000000-0000-0000-0000-000000000000
missionExpansionVersion = 
saveMD5 = 
lastWriteTime = 637884631372832051
