vesselCount = 3
UT = 276921955.78321362
gameMode = CAREER
gameNull = False
kspVersion = 1.12.3
funds = 1270193.4128258899
science = 20
reputationPercent = 73
ongoingContracts = 2
missionCurrentScore = 0
missionIsStarted = False
missionIsEnded = False
missionHistoryId = 00000000-0000-0000-0000-000000000000
missionExpansionVersion = 
saveMD5 = 
lastWriteTime = 637875943802718899
