vesselCount = 0
UT = 47141826.139763109
gameMode = CAREER
gameNull = False
kspVersion = 1.12.3
funds = 165422.58059225336
science = 51
reputationPercent = 19
ongoingContracts = 0
missionCurrentScore = 0
missionIsStarted = False
missionIsEnded = False
missionHistoryId = 00000000-0000-0000-0000-000000000000
missionExpansionVersion = 
saveMD5 = 
lastWriteTime = 637837940162496685
