vesselCount = 5
UT = 386491599.17924935
gameMode = CAREER
gameNull = False
kspVersion = 1.12.3
funds = 513824.78238034179
science = 17
reputationPercent = 65
ongoingContracts = 3
missionCurrentScore = 0
missionIsStarted = False
missionIsEnded = False
missionHistoryId = 00000000-0000-0000-0000-000000000000
missionExpansionVersion = 
saveMD5 = 
lastWriteTime = 637888925172058200
