vesselCount = 6
UT = 401109562.01071131
gameMode = CAREER
gameNull = False
kspVersion = 1.12.3
funds = 863544.71973313333
science = 37
reputationPercent = 71
ongoingContracts = 1
missionCurrentScore = 0
missionIsStarted = False
missionIsEnded = False
missionHistoryId = 00000000-0000-0000-0000-000000000000
missionExpansionVersion = 
saveMD5 = 
lastWriteTime = 637890626763513280
