vesselCount = 5
UT = 316676179.01645589
gameMode = CAREER
gameNull = False
kspVersion = 1.12.3
funds = 867876.09149753535
science = 87
reputationPercent = 72
ongoingContracts = 1
missionCurrentScore = 0
missionIsStarted = False
missionIsEnded = False
missionHistoryId = 00000000-0000-0000-0000-000000000000
missionExpansionVersion = 
saveMD5 = 
lastWriteTime = 637881994002264872
