vesselCount = 2
UT = 218235201.16701055
gameMode = CAREER
gameNull = False
kspVersion = 1.12.3
funds = 1160662.7974989731
science = 12
reputationPercent = 69
ongoingContracts = 1
missionCurrentScore = 0
missionIsStarted = False
missionIsEnded = False
missionHistoryId = 00000000-0000-0000-0000-000000000000
missionExpansionVersion = 
saveMD5 = 
lastWriteTime = 637866398265956770
