vesselCount = 2
UT = 349031307.04549849
gameMode = CAREER
gameNull = False
kspVersion = 1.12.3
funds = 769413.21585112636
science = 50
reputationPercent = 69
ongoingContracts = 1
missionCurrentScore = 0
missionIsStarted = False
missionIsEnded = False
missionHistoryId = 00000000-0000-0000-0000-000000000000
missionExpansionVersion = 
saveMD5 = 
lastWriteTime = 637886323013325422
