vesselCount = 13
UT = 477738843.18439257
gameMode = CAREER
gameNull = False
kspVersion = 1.12.3
funds = 7650813.0473808991
science = 1000
reputationPercent = 90
ongoingContracts = 4
missionCurrentScore = 0
missionIsStarted = False
missionIsEnded = False
missionHistoryId = 00000000-0000-0000-0000-000000000000
missionExpansionVersion = 
saveMD5 = 
lastWriteTime = 637908746603158704
