vesselCount = 1
UT = 169385540.49511606
gameMode = CAREER
gameNull = False
kspVersion = 1.12.3
funds = 693247.30685490731
science = 7
reputationPercent = 62
ongoingContracts = 0
missionCurrentScore = 0
missionIsStarted = False
missionIsEnded = False
missionHistoryId = 00000000-0000-0000-0000-000000000000
missionExpansionVersion = 
saveMD5 = 
lastWriteTime = 637849173371283011
