vesselCount = 12
UT = 474568167.42071897
gameMode = CAREER
gameNull = False
kspVersion = 1.12.3
funds = 8070869.2802775577
science = 993
reputationPercent = 90
ongoingContracts = 4
missionCurrentScore = 0
missionIsStarted = False
missionIsEnded = False
missionHistoryId = 00000000-0000-0000-0000-000000000000
missionExpansionVersion = 
saveMD5 = 
lastWriteTime = 637907960918333237
