vesselCount = 4
UT = 282640679.5171752
gameMode = CAREER
gameNull = False
kspVersion = 1.12.3
funds = 1095378.733046931
science = 71
reputationPercent = 74
ongoingContracts = 2
missionCurrentScore = 0
missionIsStarted = False
missionIsEnded = False
missionHistoryId = 00000000-0000-0000-0000-000000000000
missionExpansionVersion = 
saveMD5 = 
lastWriteTime = 637876847561853813
