vesselCount = 3
UT = 226440793.0099504
gameMode = CAREER
gameNull = False
kspVersion = 1.12.3
funds = 767405.02554824378
science = 14
reputationPercent = 69
ongoingContracts = 3
missionCurrentScore = 0
missionIsStarted = False
missionIsEnded = False
missionHistoryId = 00000000-0000-0000-0000-000000000000
missionExpansionVersion = 
saveMD5 = 
lastWriteTime = 637868165057292195
