vesselCount = 2
UT = 346708973.67728597
gameMode = CAREER
gameNull = False
kspVersion = 1.12.3
funds = 747551.20565103239
science = 44
reputationPercent = 68
ongoingContracts = 2
missionCurrentScore = 0
missionIsStarted = False
missionIsEnded = False
missionHistoryId = 00000000-0000-0000-0000-000000000000
missionExpansionVersion = 
saveMD5 = 
lastWriteTime = 637885439320419394
