vesselCount = 0
UT = 86045735.703160718
gameMode = CAREER
gameNull = False
kspVersion = 1.12.3
funds = 360812.8754250101
science = 46
reputationPercent = 36
ongoingContracts = 2
missionCurrentScore = 0
missionIsStarted = False
missionIsEnded = False
missionHistoryId = 00000000-0000-0000-0000-000000000000
missionExpansionVersion = 
saveMD5 = 
lastWriteTime = 637842179765008863
