vesselCount = 3
UT = 262010311.11983126
gameMode = CAREER
gameNull = False
kspVersion = 1.12.3
funds = 1822417.2672502382
science = 40
reputationPercent = 72
ongoingContracts = 1
missionCurrentScore = 0
missionIsStarted = False
missionIsEnded = False
missionHistoryId = 00000000-0000-0000-0000-000000000000
missionExpansionVersion = 
saveMD5 = 
lastWriteTime = 637873349261176966
