vesselCount = 3
UT = 226440624.88986021
gameMode = CAREER
gameNull = False
kspVersion = 1.12.3
funds = 837249.75105499721
science = 14
reputationPercent = 69
ongoingContracts = 3
missionCurrentScore = 0
missionIsStarted = False
missionIsEnded = False
missionHistoryId = 00000000-0000-0000-0000-000000000000
missionExpansionVersion = 
saveMD5 = 
lastWriteTime = 637867315528975501
