vesselCount = 0
UT = 61927140.170167327
gameMode = CAREER
gameNull = False
kspVersion = 1.12.3
funds = 175953.05761039758
science = 25
reputationPercent = 30
ongoingContracts = 0
missionCurrentScore = 0
missionIsStarted = False
missionIsEnded = False
missionHistoryId = 00000000-0000-0000-0000-000000000000
missionExpansionVersion = 
saveMD5 = 
lastWriteTime = 637839683072430542
