vesselCount = 4
UT = 293085922.77074271
gameMode = CAREER
gameNull = False
kspVersion = 1.12.3
funds = 986167.63842230767
science = 25
reputationPercent = 66
ongoingContracts = 1
missionCurrentScore = 0
missionIsStarted = False
missionIsEnded = False
missionHistoryId = 00000000-0000-0000-0000-000000000000
missionExpansionVersion = 
saveMD5 = 
lastWriteTime = 637878497183609690
