vesselCount = 3
UT = 327724590.7654714
gameMode = CAREER
gameNull = False
kspVersion = 1.12.3
funds = 841603.4108755854
science = 227
reputationPercent = 76
ongoingContracts = 0
missionCurrentScore = 0
missionIsStarted = False
missionIsEnded = False
missionHistoryId = 00000000-0000-0000-0000-000000000000
missionExpansionVersion = 
saveMD5 = 
lastWriteTime = 637883750831828227
