vesselCount = 12
UT = 474568102.38078099
gameMode = CAREER
gameNull = False
kspVersion = 1.12.3
funds = 8077574.3989159921
science = 993
reputationPercent = 90
ongoingContracts = 4
missionCurrentScore = 0
missionIsStarted = False
missionIsEnded = False
missionHistoryId = 00000000-0000-0000-0000-000000000000
missionExpansionVersion = 
saveMD5 = 
lastWriteTime = 637907095216437698
