vesselCount = 4
UT = 320085107.03083128
gameMode = CAREER
gameNull = False
kspVersion = 1.12.3
funds = 644239.23347364471
science = 98
reputationPercent = 72
ongoingContracts = 1
missionCurrentScore = 0
missionIsStarted = False
missionIsEnded = False
missionHistoryId = 00000000-0000-0000-0000-000000000000
missionExpansionVersion = 
saveMD5 = 
lastWriteTime = 637882853501419670
