vesselCount = 1
UT = 155321387.10435152
gameMode = CAREER
gameNull = False
kspVersion = 1.12.3
funds = 73046.628702362053
science = 39
reputationPercent = 47
ongoingContracts = 1
missionCurrentScore = 0
missionIsStarted = False
missionIsEnded = False
missionHistoryId = 00000000-0000-0000-0000-000000000000
missionExpansionVersion = 
saveMD5 = 
lastWriteTime = 637847450956098799
