vesselCount = 3
UT = 238265233.15664622
gameMode = CAREER
gameNull = False
kspVersion = 1.12.3
funds = 774303.39244392898
science = 24
reputationPercent = 73
ongoingContracts = 1
missionCurrentScore = 0
missionIsStarted = False
missionIsEnded = False
missionHistoryId = 00000000-0000-0000-0000-000000000000
missionExpansionVersion = 
saveMD5 = 
lastWriteTime = 637869027911654374
