vesselCount = 9
UT = 450799009.07193285
gameMode = CAREER
gameNull = False
kspVersion = 1.12.3
funds = 6117404.1495150104
science = 203
reputationPercent = 78
ongoingContracts = 5
missionCurrentScore = 0
missionIsStarted = False
missionIsEnded = False
missionHistoryId = 00000000-0000-0000-0000-000000000000
missionExpansionVersion = 
saveMD5 = 
lastWriteTime = 637900141026414938
