vesselCount = 0
UT = 91466528.852056429
gameMode = CAREER
gameNull = False
kspVersion = 1.12.3
funds = 337304.09436458081
science = 46
reputationPercent = 37
ongoingContracts = 2
missionCurrentScore = 0
missionIsStarted = False
missionIsEnded = False
missionHistoryId = 00000000-0000-0000-0000-000000000000
missionExpansionVersion = 
saveMD5 = 
lastWriteTime = 637843142116028543
