vesselCount = 1
UT = 201807883.35607916
gameMode = CAREER
gameNull = False
kspVersion = 1.12.3
funds = 819309.3315616668
science = 31
reputationPercent = 64
ongoingContracts = 1
missionCurrentScore = 0
missionIsStarted = False
missionIsEnded = False
missionHistoryId = 00000000-0000-0000-0000-000000000000
missionExpansionVersion = 
saveMD5 = 
lastWriteTime = 637863842418745556
