vesselCount = 0
UT = 40305259.068916798
gameMode = CAREER
gameNull = False
kspVersion = 1.12.3
funds = 108941.192142076
science = 33
reputationPercent = 14
ongoingContracts = 0
missionCurrentScore = 0
missionIsStarted = False
missionIsEnded = False
missionHistoryId = 00000000-0000-0000-0000-000000000000
missionExpansionVersion = 
saveMD5 = 
lastWriteTime = 637837066413722392
