vesselCount = 7
UT = 402724418.83060396
gameMode = CAREER
gameNull = False
kspVersion = 1.12.3
funds = 1082299.780025569
science = 107
reputationPercent = 75
ongoingContracts = 0
missionCurrentScore = 0
missionIsStarted = False
missionIsEnded = False
missionHistoryId = 00000000-0000-0000-0000-000000000000
missionExpansionVersion = 
saveMD5 = 
lastWriteTime = 637891544223883780
