vesselCount = 3
UT = 238264585.96984056
gameMode = CAREER
gameNull = False
kspVersion = 1.12.3
funds = 606309.42251815926
science = 24
reputationPercent = 69
ongoingContracts = 2
missionCurrentScore = 0
missionIsStarted = False
missionIsEnded = False
missionHistoryId = 00000000-0000-0000-0000-000000000000
missionExpansionVersion = 
saveMD5 = 
lastWriteTime = 637869026603947127
