vesselCount = 7
UT = 437249085.56664461
gameMode = CAREER
gameNull = False
kspVersion = 1.12.3
funds = 2972358.7688970864
science = 104
reputationPercent = 77
ongoingContracts = 5
missionCurrentScore = 0
missionIsStarted = False
missionIsEnded = False
missionHistoryId = 00000000-0000-0000-0000-000000000000
missionExpansionVersion = 
saveMD5 = 
lastWriteTime = 637896643555453947
