vesselCount = 10
UT = 485421844.30014223
gameMode = CAREER
gameNull = False
kspVersion = 1.12.3
funds = 8744745.2561065275
science = 2385
reputationPercent = 92
ongoingContracts = 2
missionCurrentScore = 0
missionIsStarted = False
missionIsEnded = False
missionHistoryId = 00000000-0000-0000-0000-000000000000
missionExpansionVersion = 
saveMD5 = 
lastWriteTime = 637911404148176483
