vesselCount = 10
UT = 458313141.44020116
gameMode = CAREER
gameNull = False
kspVersion = 1.12.3
funds = 5837299.2651512353
science = 327
reputationPercent = 80
ongoingContracts = 6
missionCurrentScore = 0
missionIsStarted = False
missionIsEnded = False
missionHistoryId = 00000000-0000-0000-0000-000000000000
missionExpansionVersion = 
saveMD5 = 
lastWriteTime = 637901853791461578
