vesselCount = 6
UT = 421991284.94995022
gameMode = CAREER
gameNull = False
kspVersion = 1.12.3
funds = 1624031.0642470054
science = 421
reputationPercent = 73
ongoingContracts = 3
missionCurrentScore = 0
missionIsStarted = False
missionIsEnded = False
missionHistoryId = 00000000-0000-0000-0000-000000000000
missionExpansionVersion = 
saveMD5 = 
lastWriteTime = 637894055413853678
