vesselCount = 3
UT = 346710864.24683124
gameMode = CAREER
gameNull = False
kspVersion = 1.12.3
funds = 747539.51328078262
science = 44
reputationPercent = 68
ongoingContracts = 2
missionCurrentScore = 0
missionIsStarted = False
missionIsEnded = False
missionHistoryId = 00000000-0000-0000-0000-000000000000
missionExpansionVersion = 
saveMD5 = 
lastWriteTime = 637886264293247679
