vesselCount = 7
UT = 440287686.00868785
gameMode = CAREER
gameNull = False
kspVersion = 1.12.3
funds = 2879744.614875339
science = 49
reputationPercent = 78
ongoingContracts = 4
missionCurrentScore = 0
missionIsStarted = False
missionIsEnded = False
missionHistoryId = 00000000-0000-0000-0000-000000000000
missionExpansionVersion = 
saveMD5 = 
lastWriteTime = 637898419341268537
