vesselCount = 2
UT = 250241666.97201177
gameMode = CAREER
gameNull = False
kspVersion = 1.12.3
funds = 1385870.1048382542
science = 17
reputationPercent = 74
ongoingContracts = 2
missionCurrentScore = 0
missionIsStarted = False
missionIsEnded = False
missionHistoryId = 00000000-0000-0000-0000-000000000000
missionExpansionVersion = 
saveMD5 = 
lastWriteTime = 637870758791142092
