vesselCount = 9
UT = 462600061.61538798
gameMode = CAREER
gameNull = False
kspVersion = 1.12.3
funds = 5587624.4917780934
science = 332
reputationPercent = 81
ongoingContracts = 5
missionCurrentScore = 0
missionIsStarted = False
missionIsEnded = False
missionHistoryId = 00000000-0000-0000-0000-000000000000
missionExpansionVersion = 
saveMD5 = 
lastWriteTime = 637902716597944240
