vesselCount = 7
UT = 402466791.14259404
gameMode = CAREER
gameNull = False
kspVersion = 1.12.3
funds = 796374.49128364236
science = 46
reputationPercent = 71
ongoingContracts = 1
missionCurrentScore = 0
missionIsStarted = False
missionIsEnded = False
missionHistoryId = 00000000-0000-0000-0000-000000000000
missionExpansionVersion = 
saveMD5 = 
lastWriteTime = 637891494470524834
