vesselCount = 2
UT = 345996931.1019913
gameMode = CAREER
gameNull = False
kspVersion = 1.12.3
funds = 746287.64457502635
science = 35
reputationPercent = 69
ongoingContracts = 1
missionCurrentScore = 0
missionIsStarted = False
missionIsEnded = False
missionHistoryId = 00000000-0000-0000-0000-000000000000
missionExpansionVersion = 
saveMD5 = 
lastWriteTime = 637885425049839958
