vesselCount = 2
UT = 217837775.62168923
gameMode = CAREER
gameNull = False
kspVersion = 1.12.3
funds = 813567.5783746487
science = 9
reputationPercent = 62
ongoingContracts = 2
missionCurrentScore = 0
missionIsStarted = False
missionIsEnded = False
missionHistoryId = 00000000-0000-0000-0000-000000000000
missionExpansionVersion = 
saveMD5 = 
lastWriteTime = 637865579549445246
