vesselCount = 9
UT = 386185451.77429283
gameMode = CAREER
gameNull = False
kspVersion = 1.12.3
funds = 79891.317765100175
science = 17
reputationPercent = 64
ongoingContracts = 4
missionCurrentScore = 0
missionIsStarted = False
missionIsEnded = False
missionHistoryId = 00000000-0000-0000-0000-000000000000
missionExpansionVersion = 
saveMD5 = 
lastWriteTime = 637888918642868771
