vesselCount = 2
UT = 179779064.4220345
gameMode = CAREER
gameNull = False
kspVersion = 1.12.3
funds = 754700.16288018145
science = 27
reputationPercent = 66
ongoingContracts = 2
missionCurrentScore = 0
missionIsStarted = False
missionIsEnded = False
missionHistoryId = 00000000-0000-0000-0000-000000000000
missionExpansionVersion = 
saveMD5 = 
lastWriteTime = 637859536556370143
