vesselCount = 4
UT = 282319217.2158317
gameMode = CAREER
gameNull = False
kspVersion = 1.12.3
funds = 1137528.6717527071
science = 30
reputationPercent = 74
ongoingContracts = 2
missionCurrentScore = 0
missionIsStarted = False
missionIsEnded = False
missionHistoryId = 00000000-0000-0000-0000-000000000000
missionExpansionVersion = 
saveMD5 = 
lastWriteTime = 637876842274742492
