vesselCount = 3
UT = 357149839.55359805
gameMode = CAREER
gameNull = False
kspVersion = 1.12.3
funds = 458247.40051832463
science = 22
reputationPercent = 68
ongoingContracts = 1
missionCurrentScore = 0
missionIsStarted = False
missionIsEnded = False
missionHistoryId = 00000000-0000-0000-0000-000000000000
missionExpansionVersion = 
saveMD5 = 
lastWriteTime = 637887129821129901
