vesselCount = 4
UT = 244231169.01749304
gameMode = CAREER
gameNull = False
kspVersion = 1.12.3
funds = 760821.33056676248
science = 43
reputationPercent = 73
ongoingContracts = 0
missionCurrentScore = 0
missionIsStarted = False
missionIsEnded = False
missionHistoryId = 00000000-0000-0000-0000-000000000000
missionExpansionVersion = 
saveMD5 = 
lastWriteTime = 637869873446213998
