vesselCount = 3
UT = 327545197.30701089
gameMode = CAREER
gameNull = False
kspVersion = 1.12.3
funds = 849897.80466282577
science = 188
reputationPercent = 76
ongoingContracts = 0
missionCurrentScore = 0
missionIsStarted = False
missionIsEnded = False
missionHistoryId = 00000000-0000-0000-0000-000000000000
missionExpansionVersion = 
saveMD5 = 
lastWriteTime = 637883748879786549
