vesselCount = 10
UT = 467736307.27733684
gameMode = CAREER
gameNull = False
kspVersion = 1.12.3
funds = 7109057.2595487544
science = 563
reputationPercent = 87
ongoingContracts = 3
missionCurrentScore = 0
missionIsStarted = False
missionIsEnded = False
missionHistoryId = 00000000-0000-0000-0000-000000000000
missionExpansionVersion = 
saveMD5 = 
lastWriteTime = 637903610156332183
