vesselCount = 10
UT = 470196550.24478912
gameMode = CAREER
gameNull = False
kspVersion = 1.12.3
funds = 7433970.1543973768
science = 580
reputationPercent = 87
ongoingContracts = 5
missionCurrentScore = 0
missionIsStarted = False
missionIsEnded = False
missionHistoryId = 00000000-0000-0000-0000-000000000000
missionExpansionVersion = 
saveMD5 = 
lastWriteTime = 637905349001615141
