vesselCount = 4
UT = 262007264.75713983
gameMode = CAREER
gameNull = False
kspVersion = 1.12.3
funds = 1798551.36421578
science = 40
reputationPercent = 72
ongoingContracts = 2
missionCurrentScore = 0
missionIsStarted = False
missionIsEnded = False
missionHistoryId = 00000000-0000-0000-0000-000000000000
missionExpansionVersion = 
saveMD5 = 
lastWriteTime = 637873347204535834
