vesselCount = 7
UT = 401193449.19715846
gameMode = CAREER
gameNull = False
kspVersion = 1.12.3
funds = 860218.47107029858
science = 37
reputationPercent = 71
ongoingContracts = 1
missionCurrentScore = 0
missionIsStarted = False
missionIsEnded = False
missionHistoryId = 00000000-0000-0000-0000-000000000000
missionExpansionVersion = 
saveMD5 = 
lastWriteTime = 637890623816110489
