vesselCount = 4
UT = 273934075.44377297
gameMode = CAREER
gameNull = False
kspVersion = 1.12.3
funds = 1441116.0859528333
science = 15
reputationPercent = 72
ongoingContracts = 3
missionCurrentScore = 0
missionIsStarted = False
missionIsEnded = False
missionHistoryId = 00000000-0000-0000-0000-000000000000
missionExpansionVersion = 
saveMD5 = 
lastWriteTime = 637875908873138437
