vesselCount = 3
UT = 226438098.49171916
gameMode = CAREER
gameNull = False
kspVersion = 1.12.3
funds = 837324.24341627921
science = 14
reputationPercent = 69
ongoingContracts = 3
missionCurrentScore = 0
missionIsStarted = False
missionIsEnded = False
missionHistoryId = 00000000-0000-0000-0000-000000000000
missionExpansionVersion = 
saveMD5 = 
lastWriteTime = 637867313358283341
