vesselCount = 13
UT = 477738789.53028238
gameMode = CAREER
gameNull = False
kspVersion = 1.12.3
funds = 7650815.0681100804
science = 1000
reputationPercent = 90
ongoingContracts = 4
missionCurrentScore = 0
missionIsStarted = False
missionIsEnded = False
missionHistoryId = 00000000-0000-0000-0000-000000000000
missionExpansionVersion = 
saveMD5 = 
lastWriteTime = 637908745766080880
