vesselCount = 6
UT = 428071775.51739168
gameMode = CAREER
gameNull = False
kspVersion = 1.12.3
funds = 2643293.5352479788
science = 434
reputationPercent = 77
ongoingContracts = 1
missionCurrentScore = 0
missionIsStarted = False
missionIsEnded = False
missionHistoryId = 00000000-0000-0000-0000-000000000000
missionExpansionVersion = 
saveMD5 = 
lastWriteTime = 637894901524041411
