vesselCount = 6
UT = 316761978.01103711
gameMode = CAREER
gameNull = False
kspVersion = 1.12.3
funds = 863224.55212523579
science = 90
reputationPercent = 72
ongoingContracts = 1
missionCurrentScore = 0
missionIsStarted = False
missionIsEnded = False
missionHistoryId = 00000000-0000-0000-0000-000000000000
missionExpansionVersion = 
saveMD5 = 
lastWriteTime = 637882828156121077
