vesselCount = 7
UT = 435500313.16293293
gameMode = CAREER
gameNull = False
kspVersion = 1.12.3
funds = 2613163.5968431178
science = 32
reputationPercent = 76
ongoingContracts = 1
missionCurrentScore = 0
missionIsStarted = False
missionIsEnded = False
missionHistoryId = 00000000-0000-0000-0000-000000000000
missionExpansionVersion = 
saveMD5 = 
lastWriteTime = 637895809697547075
