vesselCount = 4
UT = 268666780.22517717
gameMode = CAREER
gameNull = False
kspVersion = 1.12.3
funds = 1609886.4367234288
science = 9
reputationPercent = 71
ongoingContracts = 2
missionCurrentScore = 0
missionIsStarted = False
missionIsEnded = False
missionHistoryId = 00000000-0000-0000-0000-000000000000
missionExpansionVersion = 
saveMD5 = 
lastWriteTime = 637874237826381002
