vesselCount = 8
UT = 445007328.67350292
gameMode = CAREER
gameNull = False
kspVersion = 1.12.3
funds = 2811433.0758016477
science = 249
reputationPercent = 75
ongoingContracts = 4
missionCurrentScore = 0
missionIsStarted = False
missionIsEnded = False
missionHistoryId = 00000000-0000-0000-0000-000000000000
missionExpansionVersion = 
saveMD5 = 
lastWriteTime = 637899200402355028
