vesselCount = 6
UT = 419434537.35841429
gameMode = CAREER
gameNull = False
kspVersion = 1.12.3
funds = 1143086.544643827
science = 232
reputationPercent = 73
ongoingContracts = 3
missionCurrentScore = 0
missionIsStarted = False
missionIsEnded = False
missionHistoryId = 00000000-0000-0000-0000-000000000000
missionExpansionVersion = 
saveMD5 = 
lastWriteTime = 637893194669414246
