vesselCount = 5
UT = 373272449.32731593
gameMode = CAREER
gameNull = False
kspVersion = 1.12.3
funds = 295628.17499563849
science = 45
reputationPercent = 67
ongoingContracts = 2
missionCurrentScore = 0
missionIsStarted = False
missionIsEnded = False
missionHistoryId = 00000000-0000-0000-0000-000000000000
missionExpansionVersion = 
saveMD5 = 
lastWriteTime = 637888058239185098
