vesselCount = 7
UT = 437833447.05013251
gameMode = CAREER
gameNull = False
kspVersion = 1.12.3
funds = 3085079.4252119982
science = 106
reputationPercent = 78
ongoingContracts = 4
missionCurrentScore = 0
missionIsStarted = False
missionIsEnded = False
missionHistoryId = 00000000-0000-0000-0000-000000000000
missionExpansionVersion = 
saveMD5 = 
lastWriteTime = 637897486199995955
