vesselCount = 6
UT = 393025786.18179721
gameMode = CAREER
gameNull = False
kspVersion = 1.12.3
funds = 965762.1323922521
science = 190
reputationPercent = 74
ongoingContracts = 0
missionCurrentScore = 0
missionIsStarted = False
missionIsEnded = False
missionHistoryId = 00000000-0000-0000-0000-000000000000
missionExpansionVersion = 
saveMD5 = 
lastWriteTime = 637889769242075203
