vesselCount = 1
UT = 169383087.93878993
gameMode = CAREER
gameNull = False
kspVersion = 1.12.3
funds = 636847.30685490731
science = 7
reputationPercent = 62
ongoingContracts = 1
missionCurrentScore = 0
missionIsStarted = False
missionIsEnded = False
missionHistoryId = 00000000-0000-0000-0000-000000000000
missionExpansionVersion = 
saveMD5 = 
lastWriteTime = 637849171765263115
