vesselCount = 2
UT = 150291493.1871219
gameMode = CAREER
gameNull = False
kspVersion = 1.12.3
funds = 58258.702418962923
science = 22
reputationPercent = 42
ongoingContracts = 2
missionCurrentScore = 0
missionIsStarted = False
missionIsEnded = False
missionHistoryId = 00000000-0000-0000-0000-000000000000
missionExpansionVersion = 
saveMD5 = 
lastWriteTime = 637847433010610328
