vesselCount = 1
UT = 116941909.92975071
gameMode = CAREER
gameNull = False
kspVersion = 1.12.3
funds = 369982.28529322275
science = 7
reputationPercent = 41
ongoingContracts = 1
missionCurrentScore = 0
missionIsStarted = False
missionIsEnded = False
missionHistoryId = 00000000-0000-0000-0000-000000000000
missionExpansionVersion = 
saveMD5 = 
lastWriteTime = 637845704226875209
