vesselCount = 10
UT = 450978337.8974998
gameMode = CAREER
gameNull = False
kspVersion = 1.12.3
funds = 6254233.4483968103
science = 223
reputationPercent = 78
ongoingContracts = 6
missionCurrentScore = 0
missionIsStarted = False
missionIsEnded = False
missionHistoryId = 00000000-0000-0000-0000-000000000000
missionExpansionVersion = 
saveMD5 = 
lastWriteTime = 637901010784029404
