vesselCount = 5
UT = 293029891.69842005
gameMode = CAREER
gameNull = False
kspVersion = 1.12.3
funds = 914393.43900276464
science = 25
reputationPercent = 66
ongoingContracts = 2
missionCurrentScore = 0
missionIsStarted = False
missionIsEnded = False
missionHistoryId = 00000000-0000-0000-0000-000000000000
missionExpansionVersion = 
saveMD5 = 
lastWriteTime = 637878483629402255
