vesselCount = 2
UT = 174241866.00749862
gameMode = CAREER
gameNull = False
kspVersion = 1.12.3
funds = 632940.73316663969
science = 7
reputationPercent = 62
ongoingContracts = 1
missionCurrentScore = 0
missionIsStarted = False
missionIsEnded = False
missionHistoryId = 00000000-0000-0000-0000-000000000000
missionExpansionVersion = 
saveMD5 = 
lastWriteTime = 637849989666457715
