vesselCount = 13
UT = 474561623.85077846
gameMode = CAREER
gameNull = False
kspVersion = 1.12.3
funds = 6948071.3165627755
science = 969
reputationPercent = 87
ongoingContracts = 5
missionCurrentScore = 0
missionIsStarted = False
missionIsEnded = False
missionHistoryId = 00000000-0000-0000-0000-000000000000
missionExpansionVersion = 
saveMD5 = 
lastWriteTime = 637907086758705274
