vesselCount = 11
UT = 477746422.39427763
gameMode = CAREER
gameNull = False
kspVersion = 1.12.3
funds = 7649879.0782623962
science = 1000
reputationPercent = 90
ongoingContracts = 4
missionCurrentScore = 0
missionIsStarted = False
missionIsEnded = False
missionHistoryId = 00000000-0000-0000-0000-000000000000
missionExpansionVersion = 
saveMD5 = 
lastWriteTime = 637909612755175755
