vesselCount = 3
UT = 250930965.74074972
gameMode = CAREER
gameNull = False
kspVersion = 1.12.3
funds = 1367720.6708850176
science = 64
reputationPercent = 74
ongoingContracts = 3
missionCurrentScore = 0
missionIsStarted = False
missionIsEnded = False
missionHistoryId = 00000000-0000-0000-0000-000000000000
missionExpansionVersion = 
saveMD5 = 
lastWriteTime = 637871616826517322
