vesselCount = 2
UT = 161482424.20230365
gameMode = CAREER
gameNull = False
kspVersion = 1.12.3
funds = 188041.76710938264
science = 82
reputationPercent = 47
ongoingContracts = 2
missionCurrentScore = 0
missionIsStarted = False
missionIsEnded = False
missionHistoryId = 00000000-0000-0000-0000-000000000000
missionExpansionVersion = 
saveMD5 = 
lastWriteTime = 637848313938690776
