vesselCount = 5
UT = 313781190.78700829
gameMode = CAREER
gameNull = False
kspVersion = 1.12.3
funds = 713219.49851407157
science = 47
reputationPercent = 77
ongoingContracts = 1
missionCurrentScore = 0
missionIsStarted = False
missionIsEnded = False
missionHistoryId = 00000000-0000-0000-0000-000000000000
missionExpansionVersion = 
saveMD5 = 
lastWriteTime = 637881107996238400
