vesselCount = 4
UT = 408385660.02931911
gameMode = CAREER
gameNull = False
kspVersion = 1.12.3
funds = 1547372.2816166512
science = 208
reputationPercent = 73
ongoingContracts = 2
missionCurrentScore = 0
missionIsStarted = False
missionIsEnded = False
missionHistoryId = 00000000-0000-0000-0000-000000000000
missionExpansionVersion = 
saveMD5 = 
lastWriteTime = 637892340765295496
