vesselCount = 5
UT = 309756886.32873839
gameMode = CAREER
gameNull = False
kspVersion = 1.12.3
funds = 890077.85658963281
science = 47
reputationPercent = 77
ongoingContracts = 1
missionCurrentScore = 0
missionIsStarted = False
missionIsEnded = False
missionHistoryId = 00000000-0000-0000-0000-000000000000
missionExpansionVersion = 
saveMD5 = 
lastWriteTime = 637880268031295149
