vesselCount = 9
UT = 450793755.78523266
gameMode = CAREER
gameNull = False
kspVersion = 1.12.3
funds = 5967804.8597587859
science = 163
reputationPercent = 76
ongoingContracts = 6
missionCurrentScore = 0
missionIsStarted = False
missionIsEnded = False
missionHistoryId = 00000000-0000-0000-0000-000000000000
missionExpansionVersion = 
saveMD5 = 
lastWriteTime = 637900134434811272
