vesselCount = 11
UT = 470283403.54364073
gameMode = CAREER
gameNull = False
kspVersion = 1.12.3
funds = 7424976.0609824592
science = 583
reputationPercent = 87
ongoingContracts = 5
missionCurrentScore = 0
missionIsStarted = False
missionIsEnded = False
missionHistoryId = 00000000-0000-0000-0000-000000000000
missionExpansionVersion = 
saveMD5 = 
lastWriteTime = 637906187070151299
