vesselCount = 7
UT = 255634655.29381537
gameMode = CAREER
gameNull = False
kspVersion = 1.12.3
funds = 1483774.4493255035
science = 35
reputationPercent = 74
ongoingContracts = 2
missionCurrentScore = 0
missionIsStarted = False
missionIsEnded = False
missionHistoryId = 00000000-0000-0000-0000-000000000000
missionExpansionVersion = 
saveMD5 = 
lastWriteTime = 637872473453844284
