vesselCount = 10
UT = 469029445.23215193
gameMode = CAREER
gameNull = False
kspVersion = 1.12.3
funds = 7111629.6531764958
science = 566
reputationPercent = 87
ongoingContracts = 3
missionCurrentScore = 0
missionIsStarted = False
missionIsEnded = False
missionHistoryId = 00000000-0000-0000-0000-000000000000
missionExpansionVersion = 
saveMD5 = 
lastWriteTime = 637904490081738919
