vesselCount = 5
UT = 287768665.41971588
gameMode = CAREER
gameNull = False
kspVersion = 1.12.3
funds = 1120006.4979924767
science = 111
reputationPercent = 73
ongoingContracts = 2
missionCurrentScore = 0
missionIsStarted = False
missionIsEnded = False
missionHistoryId = 00000000-0000-0000-0000-000000000000
missionExpansionVersion = 
saveMD5 = 
lastWriteTime = 637877672287679812
