vesselCount = 2
UT = 336025692.38019407
gameMode = CAREER
gameNull = False
kspVersion = 1.12.3
funds = 608644.06856513442
science = 35
reputationPercent = 73
ongoingContracts = 1
missionCurrentScore = 0
missionIsStarted = False
missionIsEnded = False
missionHistoryId = 00000000-0000-0000-0000-000000000000
missionExpansionVersion = 
saveMD5 = 
lastWriteTime = 637884627795073785
