vesselCount = 3
UT = 282317931.73703051
gameMode = CAREER
gameNull = False
kspVersion = 1.12.3
funds = 1141571.384579163
science = 30
reputationPercent = 74
ongoingContracts = 2
missionCurrentScore = 0
missionIsStarted = False
missionIsEnded = False
missionHistoryId = 00000000-0000-0000-0000-000000000000
missionExpansionVersion = 
saveMD5 = 
lastWriteTime = 637876833580882905
