vesselCount = 7
UT = 260980331.0893459
gameMode = CAREER
gameNull = False
kspVersion = 1.12.3
funds = 1829614.7718596626
science = 37
reputationPercent = 72
ongoingContracts = 2
missionCurrentScore = 0
missionIsStarted = False
missionIsEnded = False
missionHistoryId = 00000000-0000-0000-0000-000000000000
missionExpansionVersion = 
saveMD5 = 
lastWriteTime = 637873327991781353
