vesselCount = 3
UT = 243531148.83573604
gameMode = CAREER
gameNull = False
kspVersion = 1.12.3
funds = 652696.47098127741
science = 40
reputationPercent = 73
ongoingContracts = 0
missionCurrentScore = 0
missionIsStarted = False
missionIsEnded = False
missionHistoryId = 00000000-0000-0000-0000-000000000000
missionExpansionVersion = 
saveMD5 = 
lastWriteTime = 637869845205127354
