vesselCount = 1
UT = 179689699.90078801
gameMode = CAREER
gameNull = False
kspVersion = 1.12.3
funds = 756387.3660074668
science = 27
reputationPercent = 66
ongoingContracts = 2
missionCurrentScore = 0
missionIsStarted = False
missionIsEnded = False
missionHistoryId = 00000000-0000-0000-0000-000000000000
missionExpansionVersion = 
saveMD5 = 
lastWriteTime = 637859530410057767
