vesselCount = 4
UT = 306761365.80811197
gameMode = CAREER
gameNull = False
kspVersion = 1.12.3
funds = 975636.51638346037
science = 63
reputationPercent = 77
ongoingContracts = 1
missionCurrentScore = 0
missionIsStarted = False
missionIsEnded = False
missionHistoryId = 00000000-0000-0000-0000-000000000000
missionExpansionVersion = 
saveMD5 = 
lastWriteTime = 637880223285871775
