vesselCount = 1
UT = 124943327.61190307
gameMode = CAREER
gameNull = False
kspVersion = 1.12.3
funds = 410133.03318254265
science = 19
reputationPercent = 41
ongoingContracts = 2
missionCurrentScore = 0
missionIsStarted = False
missionIsEnded = False
missionHistoryId = 00000000-0000-0000-0000-000000000000
missionExpansionVersion = 
saveMD5 = 
lastWriteTime = 637846509882446619
