vesselCount = 0
UT = 32896569.449115317
gameMode = CAREER
gameNull = False
kspVersion = 1.12.3
funds = 93440.202164889197
science = 28
reputationPercent = 14
ongoingContracts = 2
missionCurrentScore = 0
missionIsStarted = False
missionIsEnded = False
missionHistoryId = 00000000-0000-0000-0000-000000000000
missionExpansionVersion = 
saveMD5 = 
lastWriteTime = 637837025422950059
