vesselCount = 6
UT = 399954828.52716738
gameMode = CAREER
gameNull = False
kspVersion = 1.12.3
funds = 931564.25643703493
science = 192
reputationPercent = 71
ongoingContracts = 1
missionCurrentScore = 0
missionIsStarted = False
missionIsEnded = False
missionHistoryId = 00000000-0000-0000-0000-000000000000
missionExpansionVersion = 
saveMD5 = 
lastWriteTime = 637890603612531698
