vesselCount = 2
UT = 226047505.42741624
gameMode = CAREER
gameNull = False
kspVersion = 1.12.3
funds = 845602.12731791474
science = 13
reputationPercent = 69
ongoingContracts = 3
missionCurrentScore = 0
missionIsStarted = False
missionIsEnded = False
missionHistoryId = 00000000-0000-0000-0000-000000000000
missionExpansionVersion = 
saveMD5 = 
lastWriteTime = 637867292250406396
