vesselCount = 1
UT = 189133772.40318999
gameMode = CAREER
gameNull = False
kspVersion = 1.12.3
funds = 1077256.864522974
science = 22
reputationPercent = 69
ongoingContracts = 0
missionCurrentScore = 0
missionIsStarted = False
missionIsEnded = False
missionHistoryId = 00000000-0000-0000-0000-000000000000
missionExpansionVersion = 
saveMD5 = 
lastWriteTime = 637862948233216040
