vesselCount = 7
UT = 402141748.14411938
gameMode = CAREER
gameNull = False
kspVersion = 1.12.3
funds = 813867.48909552139
science = 39
reputationPercent = 71
ongoingContracts = 1
missionCurrentScore = 0
missionIsStarted = False
missionIsEnded = False
missionHistoryId = 00000000-0000-0000-0000-000000000000
missionExpansionVersion = 
saveMD5 = 
lastWriteTime = 637891476634243518
