vesselCount = 3
UT = 271511000.53930646
gameMode = CAREER
gameNull = False
kspVersion = 1.12.3
funds = 1476269.1036359265
science = 12
reputationPercent = 72
ongoingContracts = 3
missionCurrentScore = 0
missionIsStarted = False
missionIsEnded = False
missionHistoryId = 00000000-0000-0000-0000-000000000000
missionExpansionVersion = 
saveMD5 = 
lastWriteTime = 637875108267958730
