vesselCount = 4
UT = 315254003.253479
gameMode = CAREER
gameNull = False
kspVersion = 1.12.3
funds = 766196.21946680499
science = 87
reputationPercent = 78
ongoingContracts = 0
missionCurrentScore = 0
missionIsStarted = False
missionIsEnded = False
missionHistoryId = 00000000-0000-0000-0000-000000000000
missionExpansionVersion = 
saveMD5 = 
lastWriteTime = 637881119686239811
