vesselCount = 3
UT = 373175286.44209558
gameMode = CAREER
gameNull = False
kspVersion = 1.12.3
funds = 209437.03102381056
science = 42
reputationPercent = 67
ongoingContracts = 1
missionCurrentScore = 0
missionIsStarted = False
missionIsEnded = False
missionHistoryId = 00000000-0000-0000-0000-000000000000
missionExpansionVersion = 
saveMD5 = 
lastWriteTime = 637888011521244632
