vesselCount = 2
UT = 357148972.83874267
gameMode = CAREER
gameNull = False
kspVersion = 1.12.3
funds = 458209.31976061518
science = 22
reputationPercent = 68
ongoingContracts = 1
missionCurrentScore = 0
missionIsStarted = False
missionIsEnded = False
missionHistoryId = 00000000-0000-0000-0000-000000000000
missionExpansionVersion = 
saveMD5 = 
lastWriteTime = 637887119640665763
