vesselCount = 0
UT = 9080458.0621505305
gameMode = CAREER
gameNull = False
kspVersion = 1.12.3
funds = 94160.738341865363
science = 3
reputationPercent = 9
ongoingContracts = 1
missionCurrentScore = 0
missionIsStarted = False
missionIsEnded = False
missionHistoryId = 00000000-0000-0000-0000-000000000000
missionExpansionVersion = 
saveMD5 = 
lastWriteTime = 637836228068509735
