vesselCount = 0
UT = 116852967.37309411
gameMode = CAREER
gameNull = False
kspVersion = 1.12.3
funds = 16038.005514782602
science = 2
reputationPercent = 23
ongoingContracts = 2
missionCurrentScore = 0
missionIsStarted = False
missionIsEnded = False
missionHistoryId = 00000000-0000-0000-0000-000000000000
missionExpansionVersion = 
saveMD5 = 
lastWriteTime = 637845691489872777
