vesselCount = 3
UT = 251324520.73845938
gameMode = CAREER
gameNull = False
kspVersion = 1.12.3
funds = 1430724.1107126337
science = 71
reputationPercent = 74
ongoingContracts = 2
missionCurrentScore = 0
missionIsStarted = False
missionIsEnded = False
missionHistoryId = 00000000-0000-0000-0000-000000000000
missionExpansionVersion = 
saveMD5 = 
lastWriteTime = 637871622050645093
