vesselCount = 0
UT = 166254968.19333991
gameMode = CAREER
gameNull = False
kspVersion = 1.12.3
funds = 673764.58373528381
science = 7
reputationPercent = 62
ongoingContracts = 1
missionCurrentScore = 0
missionIsStarted = False
missionIsEnded = False
missionHistoryId = 00000000-0000-0000-0000-000000000000
missionExpansionVersion = 
saveMD5 = 
lastWriteTime = 637849165804923065
