vesselCount = 1
UT = 345996338.79960829
gameMode = CAREER
gameNull = False
kspVersion = 1.12.3
funds = 752643.72863753524
science = 35
reputationPercent = 69
ongoingContracts = 1
missionCurrentScore = 0
missionIsStarted = False
missionIsEnded = False
missionHistoryId = 00000000-0000-0000-0000-000000000000
missionExpansionVersion = 
saveMD5 = 
lastWriteTime = 637885418895317682
