vesselCount = 5
UT = 415556122.83126009
gameMode = CAREER
gameNull = False
kspVersion = 1.12.3
funds = 1316013.2562762031
science = 222
reputationPercent = 73
ongoingContracts = 2
missionCurrentScore = 0
missionIsStarted = False
missionIsEnded = False
missionHistoryId = 00000000-0000-0000-0000-000000000000
missionExpansionVersion = 
saveMD5 = 
lastWriteTime = 637893190912227685
