vesselCount = 4
UT = 288722098.25088704
gameMode = CAREER
gameNull = False
kspVersion = 1.12.3
funds = 1110440.6355648725
science = 117
reputationPercent = 73
ongoingContracts = 1
missionCurrentScore = 0
missionIsStarted = False
missionIsEnded = False
missionHistoryId = 00000000-0000-0000-0000-000000000000
missionExpansionVersion = 
saveMD5 = 
lastWriteTime = 637877676129194510
