vesselCount = 13
UT = 474108609.17946059
gameMode = CAREER
gameNull = False
kspVersion = 1.12.3
funds = 7000104.4171150988
science = 687
reputationPercent = 87
ongoingContracts = 5
missionCurrentScore = 0
missionIsStarted = False
missionIsEnded = False
missionHistoryId = 00000000-0000-0000-0000-000000000000
missionExpansionVersion = 
saveMD5 = 
lastWriteTime = 637907066813191833
