vesselCount = 4
UT = 316597473.50797606
gameMode = CAREER
gameNull = False
kspVersion = 1.12.3
funds = 872178.2338311465
science = 87
reputationPercent = 72
ongoingContracts = 1
missionCurrentScore = 0
missionIsStarted = False
missionIsEnded = False
missionHistoryId = 00000000-0000-0000-0000-000000000000
missionExpansionVersion = 
saveMD5 = 
lastWriteTime = 637881983728990652
