vesselCount = 2
UT = 346971810.34502363
gameMode = CAREER
gameNull = False
kspVersion = 1.12.3
funds = 757183.04148695245
science = 44
reputationPercent = 70
ongoingContracts = 1
missionCurrentScore = 0
missionIsStarted = False
missionIsEnded = False
missionHistoryId = 00000000-0000-0000-0000-000000000000
missionExpansionVersion = 
saveMD5 = 
lastWriteTime = 637886312877228792
