vesselCount = 6
UT = 384928240.43948543
gameMode = CAREER
gameNull = False
kspVersion = 1.12.3
funds = 219762.7948262204
science = 14
reputationPercent = 64
ongoingContracts = 4
missionCurrentScore = 0
missionIsStarted = False
missionIsEnded = False
missionHistoryId = 00000000-0000-0000-0000-000000000000
missionExpansionVersion = 
saveMD5 = 
lastWriteTime = 637888878980860515
