vesselCount = 0
UT = 94801775.201855168
gameMode = CAREER
gameNull = False
kspVersion = 1.12.3
funds = 190510.93046224702
science = 50
reputationPercent = 36
ongoingContracts = 2
missionCurrentScore = 0
missionIsStarted = False
missionIsEnded = False
missionHistoryId = 00000000-0000-0000-0000-000000000000
missionExpansionVersion = 
saveMD5 = 
lastWriteTime = 637844894795083292
