vesselCount = 0
UT = 54134633.61362952
gameMode = CAREER
gameNull = False
kspVersion = 1.12.3
funds = 151316.51942370011
science = 15
reputationPercent = 19
ongoingContracts = 1
missionCurrentScore = 0
missionIsStarted = False
missionIsEnded = False
missionHistoryId = 00000000-0000-0000-0000-000000000000
missionExpansionVersion = 
saveMD5 = 
lastWriteTime = 637839635050895206
