vesselCount = 2
UT = 237907431.39140806
gameMode = CAREER
gameNull = False
kspVersion = 1.12.3
funds = 616769.88140646799
science = 23
reputationPercent = 69
ongoingContracts = 2
missionCurrentScore = 0
missionIsStarted = False
missionIsEnded = False
missionHistoryId = 00000000-0000-0000-0000-000000000000
missionExpansionVersion = 
saveMD5 = 
lastWriteTime = 637869009046072281
