vesselCount = 3
UT = 254411716.63672626
gameMode = CAREER
gameNull = False
kspVersion = 1.12.3
funds = 1484666.800393695
science = 87
reputationPercent = 74
ongoingContracts = 2
missionCurrentScore = 0
missionIsStarted = False
missionIsEnded = False
missionHistoryId = 00000000-0000-0000-0000-000000000000
missionExpansionVersion = 
saveMD5 = 
lastWriteTime = 637872436656076564
