vesselCount = 4
UT = 247723795.93257037
gameMode = CAREER
gameNull = False
kspVersion = 1.12.3
funds = 734708.5916575779
science = 11
reputationPercent = 74
ongoingContracts = 1
missionCurrentScore = 0
missionIsStarted = False
missionIsEnded = False
missionHistoryId = 00000000-0000-0000-0000-000000000000
missionExpansionVersion = 
saveMD5 = 
lastWriteTime = 637870750777417131
