vesselCount = 3
UT = 406523452.68012911
gameMode = CAREER
gameNull = False
kspVersion = 1.12.3
funds = 627518.71516721707
science = 197
reputationPercent = 75
ongoingContracts = 0
missionCurrentScore = 0
missionIsStarted = False
missionIsEnded = False
missionHistoryId = 00000000-0000-0000-0000-000000000000
missionExpansionVersion = 
saveMD5 = 
lastWriteTime = 637892274479508277
