vesselCount = 11
UT = 478943392.45395672
gameMode = CAREER
gameNull = False
kspVersion = 1.12.3
funds = 8858163.8230999857
science = 1030
reputationPercent = 90
ongoingContracts = 5
missionCurrentScore = 0
missionIsStarted = False
missionIsEnded = False
missionHistoryId = 00000000-0000-0000-0000-000000000000
missionExpansionVersion = 
saveMD5 = 
lastWriteTime = 637909648777478613
