vesselCount = 0
UT = 79725185.207086965
gameMode = CAREER
gameNull = False
kspVersion = 1.12.3
funds = 293625.26077846461
science = 31
reputationPercent = 29
ongoingContracts = 3
missionCurrentScore = 0
missionIsStarted = False
missionIsEnded = False
missionHistoryId = 00000000-0000-0000-0000-000000000000
missionExpansionVersion = 
saveMD5 = 
lastWriteTime = 637841383582798896
