vesselCount = 4
UT = 293032780.10422492
gameMode = CAREER
gameNull = False
kspVersion = 1.12.3
funds = 956588.76427879673
science = 25
reputationPercent = 66
ongoingContracts = 1
missionCurrentScore = 0
missionIsStarted = False
missionIsEnded = False
missionHistoryId = 00000000-0000-0000-0000-000000000000
missionExpansionVersion = 
saveMD5 = 
lastWriteTime = 637878487824311370
