vesselCount = 4
UT = 309687221.64189386
gameMode = CAREER
gameNull = False
kspVersion = 1.12.3
funds = 893740.60553294455
science = 47
reputationPercent = 77
ongoingContracts = 1
missionCurrentScore = 0
missionIsStarted = False
missionIsEnded = False
missionHistoryId = 00000000-0000-0000-0000-000000000000
missionExpansionVersion = 
saveMD5 = 
lastWriteTime = 637880247424291445
