vesselCount = 1
UT = 150308128.27162549
gameMode = CAREER
gameNull = False
kspVersion = 1.12.3
funds = 115328.43062343977
science = 38
reputationPercent = 47
ongoingContracts = 2
missionCurrentScore = 0
missionIsStarted = False
missionIsEnded = False
missionHistoryId = 00000000-0000-0000-0000-000000000000
missionExpansionVersion = 
saveMD5 = 
lastWriteTime = 637847443425865330
