vesselCount = 1
UT = 199409090.77034277
gameMode = CAREER
gameNull = False
kspVersion = 1.12.3
funds = 854284.08744209399
science = 31
reputationPercent = 66
ongoingContracts = 0
missionCurrentScore = 0
missionIsStarted = False
missionIsEnded = False
missionHistoryId = 00000000-0000-0000-0000-000000000000
missionExpansionVersion = 
saveMD5 = 
lastWriteTime = 637863823198565938
