vesselCount = 2
UT = 236810582.85413459
gameMode = CAREER
gameNull = False
kspVersion = 1.12.3
funds = 649998.92441294668
science = 20
reputationPercent = 69
ongoingContracts = 2
missionCurrentScore = 0
missionIsStarted = False
missionIsEnded = False
missionHistoryId = 00000000-0000-0000-0000-000000000000
missionExpansionVersion = 
saveMD5 = 
lastWriteTime = 637869005486361932
