vesselCount = 8
UT = 386163671.6802327
gameMode = CAREER
gameNull = False
kspVersion = 1.12.3
funds = 80885.013069488821
science = 17
reputationPercent = 64
ongoingContracts = 4
missionCurrentScore = 0
missionIsStarted = False
missionIsEnded = False
missionHistoryId = 00000000-0000-0000-0000-000000000000
missionExpansionVersion = 
saveMD5 = 
lastWriteTime = 637888908997292632
