vesselCount = 4
UT = 247163452.43767405
gameMode = CAREER
gameNull = False
kspVersion = 1.12.3
funds = 731506.49979682744
science = 9
reputationPercent = 73
ongoingContracts = 2
missionCurrentScore = 0
missionIsStarted = False
missionIsEnded = False
missionHistoryId = 00000000-0000-0000-0000-000000000000
missionExpansionVersion = 
saveMD5 = 
lastWriteTime = 637870739372378315
