vesselCount = 1
UT = 160479189.02736178
gameMode = CAREER
gameNull = False
kspVersion = 1.12.3
funds = 197558.23669037977
science = 41
reputationPercent = 47
ongoingContracts = 2
missionCurrentScore = 0
missionIsStarted = False
missionIsEnded = False
missionHistoryId = 00000000-0000-0000-0000-000000000000
missionExpansionVersion = 
saveMD5 = 
lastWriteTime = 637848256700169289
