vesselCount = 9
UT = 466522472.52398169
gameMode = CAREER
gameNull = False
kspVersion = 1.12.3
funds = 6810714.1158627719
science = 523
reputationPercent = 86
ongoingContracts = 3
missionCurrentScore = 0
missionIsStarted = False
missionIsEnded = False
missionHistoryId = 00000000-0000-0000-0000-000000000000
missionExpansionVersion = 
saveMD5 = 
lastWriteTime = 637903601200476398
