vesselCount = 2
UT = 132320456.31198403
gameMode = CAREER
gameNull = False
kspVersion = 1.12.3
funds = 353566.23921791284
science = 11
reputationPercent = 42
ongoingContracts = 1
missionCurrentScore = 0
missionIsStarted = False
missionIsEnded = False
missionHistoryId = 00000000-0000-0000-0000-000000000000
missionExpansionVersion = 
saveMD5 = 
lastWriteTime = 637846532363606119
