vesselCount = 2
UT = 348776515.88498169
gameMode = CAREER
gameNull = False
kspVersion = 1.12.3
funds = 720321.21227054449
science = 48
reputationPercent = 69
ongoingContracts = 2
missionCurrentScore = 0
missionIsStarted = False
missionIsEnded = False
missionHistoryId = 00000000-0000-0000-0000-000000000000
missionExpansionVersion = 
saveMD5 = 
lastWriteTime = 637886313962525139
