vesselCount = 5
UT = 392639898.83968776
gameMode = CAREER
gameNull = False
kspVersion = 1.12.3
funds = 433006.73318767268
science = 28
reputationPercent = 63
ongoingContracts = 2
missionCurrentScore = 0
missionIsStarted = False
missionIsEnded = False
missionHistoryId = 00000000-0000-0000-0000-000000000000
missionExpansionVersion = 
saveMD5 = 
lastWriteTime = 637889706596807836
