vesselCount = 0
UT = 46104077.35638237
gameMode = CAREER
gameNull = False
kspVersion = 1.12.3
funds = 94063.736117968627
science = 33
reputationPercent = 14
ongoingContracts = 2
missionCurrentScore = 0
missionIsStarted = False
missionIsEnded = False
missionHistoryId = 00000000-0000-0000-0000-000000000000
missionExpansionVersion = 
saveMD5 = 
lastWriteTime = 637837895321906640
