vesselCount = 2
UT = 225381931.62738761
gameMode = CAREER
gameNull = False
kspVersion = 1.12.3
funds = 860019.76506918482
science = 13
reputationPercent = 69
ongoingContracts = 3
missionCurrentScore = 0
missionIsStarted = False
missionIsEnded = False
missionHistoryId = 00000000-0000-0000-0000-000000000000
missionExpansionVersion = 
saveMD5 = 
lastWriteTime = 637867285576435279
