vesselCount = 7
UT = 440659407.25503683
gameMode = CAREER
gameNull = False
kspVersion = 1.12.3
funds = 2879395.3373650047
science = 49
reputationPercent = 74
ongoingContracts = 5
missionCurrentScore = 0
missionIsStarted = False
missionIsEnded = False
missionHistoryId = 00000000-0000-0000-0000-000000000000
missionExpansionVersion = 
saveMD5 = 
lastWriteTime = 637898424696675909
