vesselCount = 0
UT = 49278058.039819926
gameMode = CAREER
gameNull = False
kspVersion = 1.12.3
funds = 142771.432725091
science = 1
reputationPercent = 19
ongoingContracts = 1
missionCurrentScore = 0
missionIsStarted = False
missionIsEnded = False
missionHistoryId = 00000000-0000-0000-0000-000000000000
missionExpansionVersion = 
saveMD5 = 
lastWriteTime = 637838821582237518
