vesselCount = 12
UT = 477641049.28972512
gameMode = CAREER
gameNull = False
kspVersion = 1.12.3
funds = 7662244.0022107745
science = 999
reputationPercent = 90
ongoingContracts = 4
missionCurrentScore = 0
missionIsStarted = False
missionIsEnded = False
missionHistoryId = 00000000-0000-0000-0000-000000000000
missionExpansionVersion = 
saveMD5 = 
lastWriteTime = 637908720677728849
