vesselCount = 3
UT = 320084534.63953578
gameMode = CAREER
gameNull = False
kspVersion = 1.12.3
funds = 644253.27067417803
science = 98
reputationPercent = 72
ongoingContracts = 1
missionCurrentScore = 0
missionIsStarted = False
missionIsEnded = False
missionHistoryId = 00000000-0000-0000-0000-000000000000
missionExpansionVersion = 
saveMD5 = 
lastWriteTime = 637882849288827516
