vesselCount = 3
UT = 367501163.77408737
gameMode = CAREER
gameNull = False
kspVersion = 1.12.3
funds = 288813.18932777719
science = 53
reputationPercent = 67
ongoingContracts = 2
missionCurrentScore = 0
missionIsStarted = False
missionIsEnded = False
missionHistoryId = 00000000-0000-0000-0000-000000000000
missionExpansionVersion = 
saveMD5 = 
lastWriteTime = 637887180581252639
