vesselCount = 4
UT = 316539527.05607468
gameMode = CAREER
gameNull = False
kspVersion = 1.12.3
funds = 690262.2462139572
science = 87
reputationPercent = 76
ongoingContracts = 0
missionCurrentScore = 0
missionIsStarted = False
missionIsEnded = False
missionHistoryId = 00000000-0000-0000-0000-000000000000
missionExpansionVersion = 
saveMD5 = 
lastWriteTime = 637881962410646896
