vesselCount = 9
UT = 462368315.449619
gameMode = CAREER
gameNull = False
kspVersion = 1.12.3
funds = 5523961.1549442746
science = 332
reputationPercent = 80
ongoingContracts = 6
missionCurrentScore = 0
missionIsStarted = False
missionIsEnded = False
missionHistoryId = 00000000-0000-0000-0000-000000000000
missionExpansionVersion = 
saveMD5 = 
lastWriteTime = 637902697726667896
