vesselCount = 1
UT = 335988728.71274567
gameMode = CAREER
gameNull = False
kspVersion = 1.12.3
funds = 610079.21014512482
science = 35
reputationPercent = 73
ongoingContracts = 1
missionCurrentScore = 0
missionIsStarted = False
missionIsEnded = False
missionHistoryId = 00000000-0000-0000-0000-000000000000
missionExpansionVersion = 
saveMD5 = 
lastWriteTime = 637884624873733247
