vesselCount = 3
UT = 262006558.7692686
gameMode = CAREER
gameNull = False
kspVersion = 1.12.3
funds = 1798561.3867094261
science = 40
reputationPercent = 72
ongoingContracts = 2
missionCurrentScore = 0
missionIsStarted = False
missionIsEnded = False
missionHistoryId = 00000000-0000-0000-0000-000000000000
missionExpansionVersion = 
saveMD5 = 
lastWriteTime = 637873342738506331
