vesselCount = 12
UT = 474071324.70017058
gameMode = CAREER
gameNull = False
kspVersion = 1.12.3
funds = 6947840.8744929265
science = 686
reputationPercent = 87
ongoingContracts = 5
missionCurrentScore = 0
missionIsStarted = False
missionIsEnded = False
missionHistoryId = 00000000-0000-0000-0000-000000000000
missionExpansionVersion = 
saveMD5 = 
lastWriteTime = 637907048158579879
