vesselCount = 0
UT = 9062737.5614814572
gameMode = CAREER
gameNull = False
kspVersion = 1.12.3
funds = 81774.721938078917
science = 1
reputationPercent = 9
ongoingContracts = 1
missionCurrentScore = 0
missionIsStarted = False
missionIsEnded = False
missionHistoryId = 00000000-0000-0000-0000-000000000000
missionExpansionVersion = 
saveMD5 = 
lastWriteTime = 637836213096085583
