vesselCount = 1
UT = 89683007.143899277
gameMode = CAREER
gameNull = False
kspVersion = 1.12.3
funds = 330763.03879099939
science = 46
reputationPercent = 36
ongoingContracts = 2
missionCurrentScore = 0
missionIsStarted = False
missionIsEnded = False
missionHistoryId = 00000000-0000-0000-0000-000000000000
missionExpansionVersion = 
saveMD5 = 
lastWriteTime = 637843136617806413
