vesselCount = 1
UT = 216889467.36989814
gameMode = CAREER
gameNull = False
kspVersion = 1.12.3
funds = 821425.70576471207
science = 9
reputationPercent = 62
ongoingContracts = 1
missionCurrentScore = 0
missionIsStarted = False
missionIsEnded = False
missionHistoryId = 00000000-0000-0000-0000-000000000000
missionExpansionVersion = 
saveMD5 = 
lastWriteTime = 637865565996032860
