vesselCount = 6
UT = 430668437.63801879
gameMode = CAREER
gameNull = False
kspVersion = 1.12.3
funds = 2150558.9310202226
science = 438
reputationPercent = 76
ongoingContracts = 2
missionCurrentScore = 0
missionIsStarted = False
missionIsEnded = False
missionHistoryId = 00000000-0000-0000-0000-000000000000
missionExpansionVersion = 
saveMD5 = 
lastWriteTime = 637894942784792859
