vesselCount = 5
UT = 419358189.23990303
gameMode = CAREER
gameNull = False
kspVersion = 1.12.3
funds = 1146983.2641547529
science = 232
reputationPercent = 73
ongoingContracts = 3
missionCurrentScore = 0
missionIsStarted = False
missionIsEnded = False
missionHistoryId = 00000000-0000-0000-0000-000000000000
missionExpansionVersion = 
saveMD5 = 
lastWriteTime = 637893191666262462
