vesselCount = 9
UT = 451477334.58722341
gameMode = CAREER
gameNull = False
kspVersion = 1.12.3
funds = 6463441.8725534128
science = 249
reputationPercent = 79
ongoingContracts = 5
missionCurrentScore = 0
missionIsStarted = False
missionIsEnded = False
missionHistoryId = 00000000-0000-0000-0000-000000000000
missionExpansionVersion = 
saveMD5 = 
lastWriteTime = 637901022814330664
