vesselCount = 9
UT = 470169892.81571978
gameMode = CAREER
gameNull = False
kspVersion = 1.12.3
funds = 7436661.4559716508
science = 580
reputationPercent = 87
ongoingContracts = 5
missionCurrentScore = 0
missionIsStarted = False
missionIsEnded = False
missionHistoryId = 00000000-0000-0000-0000-000000000000
missionExpansionVersion = 
saveMD5 = 
lastWriteTime = 637905306667448062
