vesselCount = 3
UT = 408375293.01812851
gameMode = CAREER
gameNull = False
kspVersion = 1.12.3
funds = 1547707.2922585898
science = 207
reputationPercent = 73
ongoingContracts = 2
missionCurrentScore = 0
missionIsStarted = False
missionIsEnded = False
missionHistoryId = 00000000-0000-0000-0000-000000000000
missionExpansionVersion = 
saveMD5 = 
lastWriteTime = 637892335124908185
