vesselCount = 3
UT = 281375497.53264934
gameMode = CAREER
gameNull = False
kspVersion = 1.12.3
funds = 1189255.2449746567
science = 29
reputationPercent = 74
ongoingContracts = 2
missionCurrentScore = 0
missionIsStarted = False
missionIsEnded = False
missionHistoryId = 00000000-0000-0000-0000-000000000000
missionExpansionVersion = 
saveMD5 = 
lastWriteTime = 637876832151691447
