vesselCount = 8
UT = 450386347.8607462
gameMode = CAREER
gameNull = False
kspVersion = 1.12.3
funds = 6010260.9835483227
science = 158
reputationPercent = 76
ongoingContracts = 6
missionCurrentScore = 0
missionIsStarted = False
missionIsEnded = False
missionHistoryId = 00000000-0000-0000-0000-000000000000
missionExpansionVersion = 
saveMD5 = 
lastWriteTime = 637900110324313990
