vesselCount = 6
UT = 401109518.81075251
gameMode = CAREER
gameNull = False
kspVersion = 1.12.3
funds = 863496.58000697137
science = 37
reputationPercent = 71
ongoingContracts = 1
missionCurrentScore = 0
missionIsStarted = False
missionIsEnded = False
missionHistoryId = 00000000-0000-0000-0000-000000000000
missionExpansionVersion = 
saveMD5 = 
lastWriteTime = 637890615639387577
