vesselCount = 6
UT = 435499529.18837684
gameMode = CAREER
gameNull = False
kspVersion = 1.12.3
funds = 2559580.1972325463
science = 32
reputationPercent = 78
ongoingContracts = 0
missionCurrentScore = 0
missionIsStarted = False
missionIsEnded = False
missionHistoryId = 00000000-0000-0000-0000-000000000000
missionExpansionVersion = 
saveMD5 = 
lastWriteTime = 637895804826466260
