vesselCount = 3
UT = 255629043.93997094
gameMode = CAREER
gameNull = False
kspVersion = 1.12.3
funds = 1483900.3963785858
science = 35
reputationPercent = 74
ongoingContracts = 2
missionCurrentScore = 0
missionIsStarted = False
missionIsEnded = False
missionHistoryId = 00000000-0000-0000-0000-000000000000
missionExpansionVersion = 
saveMD5 = 
lastWriteTime = 637872462438867902
