vesselCount = 8
UT = 445866483.73272818
gameMode = CAREER
gameNull = False
kspVersion = 1.12.3
funds = 5403624.4821105124
science = 346
reputationPercent = 76
ongoingContracts = 5
missionCurrentScore = 0
missionIsStarted = False
missionIsEnded = False
missionHistoryId = 00000000-0000-0000-0000-000000000000
missionExpansionVersion = 
saveMD5 = 
lastWriteTime = 637899233480607523
