vesselCount = 1
UT = 191875403.83196151
gameMode = CAREER
gameNull = False
kspVersion = 1.12.3
funds = 994183.80366693134
science = 26
reputationPercent = 69
ongoingContracts = 0
missionCurrentScore = 0
missionIsStarted = False
missionIsEnded = False
missionHistoryId = 00000000-0000-0000-0000-000000000000
missionExpansionVersion = 
saveMD5 = 
lastWriteTime = 637863016205903140
