vesselCount = 1
UT = 180039336.49748993
gameMode = CAREER
gameNull = False
kspVersion = 1.12.3
funds = 972247.40503276628
science = 19
reputationPercent = 66
ongoingContracts = 1
missionCurrentScore = 0
missionIsStarted = False
missionIsEnded = False
missionHistoryId = 00000000-0000-0000-0000-000000000000
missionExpansionVersion = 
saveMD5 = 
lastWriteTime = 637860390228571069
