vesselCount = 4
UT = 312921492.1661213
gameMode = CAREER
gameNull = False
kspVersion = 1.12.3
funds = 761430.28811675939
science = 47
reputationPercent = 77
ongoingContracts = 1
missionCurrentScore = 0
missionIsStarted = False
missionIsEnded = False
missionHistoryId = 00000000-0000-0000-0000-000000000000
missionExpansionVersion = 
saveMD5 = 
lastWriteTime = 637881103433309331
