vesselCount = 0
UT = 81180718.290916443
gameMode = CAREER
gameNull = False
kspVersion = 1.12.3
funds = 385391.86343534495
science = 38
reputationPercent = 36
ongoingContracts = 3
missionCurrentScore = 0
missionIsStarted = False
missionIsEnded = False
missionHistoryId = 00000000-0000-0000-0000-000000000000
missionExpansionVersion = 
saveMD5 = 
lastWriteTime = 637842146395468390
