vesselCount = 6
UT = 402139326.19575977
gameMode = CAREER
gameNull = False
kspVersion = 1.12.3
funds = 822235.60856800654
science = 39
reputationPercent = 71
ongoingContracts = 1
missionCurrentScore = 0
missionIsStarted = False
missionIsEnded = False
missionHistoryId = 00000000-0000-0000-0000-000000000000
missionExpansionVersion = 
saveMD5 = 
lastWriteTime = 637891463064620096
