vesselCount = 2
UT = 250901221.04340598
gameMode = CAREER
gameNull = False
kspVersion = 1.12.3
funds = 1368528.0686793327
science = 62
reputationPercent = 74
ongoingContracts = 3
missionCurrentScore = 0
missionIsStarted = False
missionIsEnded = False
missionHistoryId = 00000000-0000-0000-0000-000000000000
missionExpansionVersion = 
saveMD5 = 
lastWriteTime = 637871604284571349
