vesselCount = 4
UT = 437251508.15003115
gameMode = CAREER
gameNull = False
kspVersion = 1.12.3
funds = 3129416.1385408924
science = 105
reputationPercent = 78
ongoingContracts = 4
missionCurrentScore = 0
missionIsStarted = False
missionIsEnded = False
missionHistoryId = 00000000-0000-0000-0000-000000000000
missionExpansionVersion = 
saveMD5 = 
lastWriteTime = 637896661248262781
