vesselCount = 3
UT = 268664595.63789934
gameMode = CAREER
gameNull = False
kspVersion = 1.12.3
funds = 1563751.1557354215
science = 9
reputationPercent = 72
ongoingContracts = 1
missionCurrentScore = 0
missionIsStarted = False
missionIsEnded = False
missionHistoryId = 00000000-0000-0000-0000-000000000000
missionExpansionVersion = 
saveMD5 = 
lastWriteTime = 637874224995868764
