vesselCount = 0
UT = 92416749.406656846
gameMode = CAREER
gameNull = False
kspVersion = 1.12.3
funds = 335639.79847788718
science = 46
reputationPercent = 37
ongoingContracts = 3
missionCurrentScore = 0
missionIsStarted = False
missionIsEnded = False
missionHistoryId = 00000000-0000-0000-0000-000000000000
missionExpansionVersion = 
saveMD5 = 
lastWriteTime = 637844794525599249
