vesselCount = 3
UT = 274287537.38875353
gameMode = CAREER
gameNull = False
kspVersion = 1.12.3
funds = 1444796.3748274504
science = 16
reputationPercent = 73
ongoingContracts = 2
missionCurrentScore = 0
missionIsStarted = False
missionIsEnded = False
missionHistoryId = 00000000-0000-0000-0000-000000000000
missionExpansionVersion = 
saveMD5 = 
lastWriteTime = 637875921812428777
