vesselCount = 9
UT = 469028819.432037
gameMode = CAREER
gameNull = False
kspVersion = 1.12.3
funds = 7111599.6360735735
science = 566
reputationPercent = 87
ongoingContracts = 3
missionCurrentScore = 0
missionIsStarted = False
missionIsEnded = False
missionHistoryId = 00000000-0000-0000-0000-000000000000
missionExpansionVersion = 
saveMD5 = 
lastWriteTime = 637904485207138497
