vesselCount = 6
UT = 437832578.76321781
gameMode = CAREER
gameNull = False
kspVersion = 1.12.3
funds = 3085219.5595673532
science = 106
reputationPercent = 78
ongoingContracts = 4
missionCurrentScore = 0
missionIsStarted = False
missionIsEnded = False
missionHistoryId = 00000000-0000-0000-0000-000000000000
missionExpansionVersion = 
saveMD5 = 
lastWriteTime = 637897478263449750
