vesselCount = 0
UT = 33801921.422904789
gameMode = CAREER
gameNull = False
kspVersion = 1.12.3
funds = 107924.20288595301
science = 24
reputationPercent = 14
ongoingContracts = 1
missionCurrentScore = 0
missionIsStarted = False
missionIsEnded = False
missionHistoryId = 00000000-0000-0000-0000-000000000000
missionExpansionVersion = 
saveMD5 = 
lastWriteTime = 637837058057469999
