vesselCount = 4
UT = 373192159.43900114
gameMode = CAREER
gameNull = False
kspVersion = 1.12.3
funds = 298871.04285911861
science = 42
reputationPercent = 67
ongoingContracts = 2
missionCurrentScore = 0
missionIsStarted = False
missionIsEnded = False
missionHistoryId = 00000000-0000-0000-0000-000000000000
missionExpansionVersion = 
saveMD5 = 
lastWriteTime = 637888051075181586
