vesselCount = 0
UT = 61308945.264205746
gameMode = CAREER
gameNull = False
kspVersion = 1.12.3
funds = 184648.27558959476
science = 20
reputationPercent = 29
ongoingContracts = 1
missionCurrentScore = 0
missionIsStarted = False
missionIsEnded = False
missionHistoryId = 00000000-0000-0000-0000-000000000000
missionExpansionVersion = 
saveMD5 = 
lastWriteTime = 637839661283109812
