vesselCount = 3
UT = 244207589.02686045
gameMode = CAREER
gameNull = False
kspVersion = 1.12.3
funds = 694311.34699432889
science = 43
reputationPercent = 73
ongoingContracts = 1
missionCurrentScore = 0
missionIsStarted = False
missionIsEnded = False
missionHistoryId = 00000000-0000-0000-0000-000000000000
missionExpansionVersion = 
saveMD5 = 
lastWriteTime = 637869859603325214
