vesselCount = 9
UT = 457875830.51000261
gameMode = CAREER
gameNull = False
kspVersion = 1.12.3
funds = 5830514.5324552916
science = 327
reputationPercent = 79
ongoingContracts = 6
missionCurrentScore = 0
missionIsStarted = False
missionIsEnded = False
missionHistoryId = 00000000-0000-0000-0000-000000000000
missionExpansionVersion = 
saveMD5 = 
lastWriteTime = 637901844717310077
