vesselCount = 1
UT = 207842750.47219479
gameMode = CAREER
gameNull = False
kspVersion = 1.12.3
funds = 1030149.7559455484
science = 7
reputationPercent = 63
ongoingContracts = 2
missionCurrentScore = 0
missionIsStarted = False
missionIsEnded = False
missionHistoryId = 00000000-0000-0000-0000-000000000000
missionExpansionVersion = 
saveMD5 = 
lastWriteTime = 637864696500798321
