vesselCount = 5
UT = 419676581.43050766
gameMode = CAREER
gameNull = False
kspVersion = 1.12.3
funds = 1109115.9295084886
science = 232
reputationPercent = 73
ongoingContracts = 2
missionCurrentScore = 0
missionIsStarted = False
missionIsEnded = False
missionHistoryId = 00000000-0000-0000-0000-000000000000
missionExpansionVersion = 
saveMD5 = 
lastWriteTime = 637894005493088698
