vesselCount = 1
UT = 191875385.41195163
gameMode = CAREER
gameNull = False
kspVersion = 1.12.3
funds = 1138797.4599169313
science = 26
reputationPercent = 69
ongoingContracts = 0
missionCurrentScore = 0
missionIsStarted = False
missionIsEnded = False
missionHistoryId = 00000000-0000-0000-0000-000000000000
missionExpansionVersion = 
saveMD5 = 
lastWriteTime = 637862981650436465
