vesselCount = 9
UT = 469385789.29842693
gameMode = CAREER
gameNull = False
kspVersion = 1.12.3
funds = 7059493.2803562433
science = 571
reputationPercent = 87
ongoingContracts = 2
missionCurrentScore = 0
missionIsStarted = False
missionIsEnded = False
missionHistoryId = 00000000-0000-0000-0000-000000000000
missionExpansionVersion = 
saveMD5 = 
lastWriteTime = 637905305581916368
