vesselCount = 3
UT = 326034406.34601545
gameMode = CAREER
gameNull = False
kspVersion = 1.12.3
funds = 565065.80406035064
science = 100
reputationPercent = 71
ongoingContracts = 1
missionCurrentScore = 0
missionIsStarted = False
missionIsEnded = False
missionHistoryId = 00000000-0000-0000-0000-000000000000
missionExpansionVersion = 
saveMD5 = 
lastWriteTime = 637883739967447277
