vesselCount = 10
UT = 479300139.41139126
gameMode = CAREER
gameNull = False
kspVersion = 1.12.3
funds = 8094778.6959395614
science = 1091
reputationPercent = 90
ongoingContracts = 5
missionCurrentScore = 0
missionIsStarted = False
missionIsEnded = False
missionHistoryId = 00000000-0000-0000-0000-000000000000
missionExpansionVersion = 
saveMD5 = 
lastWriteTime = 637910457921746526
