vesselCount = 10
UT = 479914528.11151332
gameMode = CAREER
gameNull = False
kspVersion = 1.12.3
funds = 8544018.3057795539
science = 1246
reputationPercent = 91
ongoingContracts = 4
missionCurrentScore = 0
missionIsStarted = False
missionIsEnded = False
missionHistoryId = 00000000-0000-0000-0000-000000000000
missionExpansionVersion = 
saveMD5 = 
lastWriteTime = 637910473106993031
